5.88722 9.01038
5.4249 7.59029
5.4249 7.59029
5.22065 6.14546
5.22065 6.14546
3.92662 5.49309
3.92662 5.49309
3.01792 5.04834
3.01792 5.04834
2.26509 4.54187
2.26509 4.54187
1.17077 3.78702
1.17077 3.78702
0.236898 3.45208
0.236898 3.45208
-0.85617 2.92701
-0.85617 2.92701
-2.09654 2.14803
-2.09654 2.14803
-2.96387 0.976349
-2.96387 0.976349
-3.68435 -0.0408676
-3.68435 -0.0408676
-4.34904 -1.17804
-4.34904 -1.17804
-5.25265 -2.2283
-5.25265 -2.2283
-5.52811 -3.48101
-5.52811 -3.48101
-5.84931 -4.51295
-5.84931 -4.51295
-6.35987 -5.65246
-6.35987 -5.65246
-7.52747 -6.52488
-7.52747 -6.52488
-8 -7
9.15638 9.19965
9.08086 8.9078
9.08086 8.9078
8.84125 7.48278
8.84125 7.48278
7.50633 7.92464
7.50633 7.92464
6.8899 7.18497
6.8899 7.18497
6.69358 6.39257
6.69358 6.39257
5.81601 5.39828
5.81601 5.39828
5.38973 3.9676
5.38973 3.9676
4.74672 3.36538
4.74672 3.36538
4.36779 2.35195
4.36779 2.35195
4.01667 1.30174
4.01667 1.30174
3.61185 0.288619
3.61185 0.288619
3.12016 -1.08484
3.12016 -1.08484
2.2235 -1.62342
2.2235 -1.62342
1.81822 -2.80737
1.81822 -2.80737
0.66757 -3.12773
0.66757 -3.12773
-0.358706 -3.99489
-0.358706 -3.99489
-1.35408 -4.24266
-1.35408 -4.24266
-1.75968 -5.03514
-1.75968 -5.03514
-2.96319 -5.61131
-2.96319 -5.61131
-3.28227 -4.63216
-3.28227 -4.63216
-4.05996 -3.76725
-4.05996 -3.76725
-4.37692 -4.73717
-4.37692 -4.73717
-5.33303 -4.15612
-5.33303 -4.15612
-6.45502 -4.88019
-6.45502 -4.88019
-7.07408 -6.23048
-7.07408 -6.23048
-8 -7
4.73336 8.80213
4.66243 7.87868
4.66243 7.87868
3.64395 6.88381
3.64395 6.88381
3.21213 6.27733
3.21213 6.27733
2.38904 6.18351
2.38904 6.18351
1.65149 5.09689
1.65149 5.09689
0.942762 4.38744
0.942762 4.38744
-0.185503 3.86387
-0.185503 3.86387
-1.04181 2.86281
-1.04181 2.86281
-2.3162 2.22051
-2.3162 2.22051
-2.96387 0.976349
-2.96387 0.976349
-3.68435 -0.0408676
-3.68435 -0.0408676
-4.34904 -1.17804
-4.34904 -1.17804
-5.25265 -2.2283
-5.25265 -2.2283
-5.52811 -3.48101
-5.52811 -3.48101
-5.84931 -4.51295
-5.84931 -4.51295
-6.35987 -5.65246
-6.35987 -5.65246
-7.52747 -6.52488
-7.52747 -6.52488
-8 -7
9.32707 7.99906
8.0334 7.70966
8.0334 7.70966
7.09428 7.003
7.09428 7.003
6.33719 6.68246
6.33719 6.68246
5.22065 6.14546
5.22065 6.14546
3.92662 5.49309
3.92662 5.49309
3.01792 5.04834
3.01792 5.04834
2.26509 4.54187
2.26509 4.54187
1.17077 3.78702
1.17077 3.78702
0.236898 3.45208
0.236898 3.45208
-0.85617 2.92701
-0.85617 2.92701
-2.09654 2.14803
-2.09654 2.14803
-2.96387 0.976349
-2.96387 0.976349
-3.68435 -0.0408676
-3.68435 -0.0408676
-4.34904 -1.17804
-4.34904 -1.17804
-5.25265 -2.2283
-5.25265 -2.2283
-5.52811 -3.48101
-5.52811 -3.48101
-5.84931 -4.51295
-5.84931 -4.51295
-6.35987 -5.65246
-6.35987 -5.65246
-7.52747 -6.52488
-7.52747 -6.52488
-8 -7
6.97809 5.77096
6.16047 5.10536
6.16047 5.10536
5.76394 3.98588
5.76394 3.98588
5.39 3.08237
5.39 3.08237
4.5247 2.10249
4.5247 2.10249
3.72485 0.879947
3.72485 0.879947
3.36236 0.131623
3.36236 0.131623
2.7762 -0.827006
2.7762 -0.827006
1.99598 -1.90775
1.99598 -1.90775
1.02422 -2.57171
1.02422 -2.57171
0.486484 -2.76281
0.486484 -2.76281
-0.929672 -2.73865
-0.929672 -2.73865
-2.03559 -3.43114
-2.03559 -3.43114
-3.27228 -3.85878
-3.27228 -3.85878
-3.93629 -4.26354
-3.93629 -4.26354
-4.79119 -4.74365
-4.79119 -4.74365
-5.45948 -5.04738
-5.45948 -5.04738
-6.35987 -5.65246
-6.35987 -5.65246
-7.52747 -6.52488
-7.52747 -6.52488
-8 -7
6.91994 8.22011
6.40109 7.07659
6.40109 7.07659
5.34345 6.04626
5.34345 6.04626
4.09214 5.43825
4.09214 5.43825
2.98355 4.84947
2.98355 4.84947
2.26509 4.54187
2.26509 4.54187
1.17077 3.78702
1.17077 3.78702
0.236898 3.45208
0.236898 3.45208
-0.85617 2.92701
-0.85617 2.92701
-2.09654 2.14803
-2.09654 2.14803
-2.96387 0.976349
-2.96387 0.976349
-3.68435 -0.0408676
-3.68435 -0.0408676
-4.34904 -1.17804
-4.34904 -1.17804
-5.25265 -2.2283
-5.25265 -2.2283
-5.52811 -3.48101
-5.52811 -3.48101
-5.84931 -4.51295
-5.84931 -4.51295
-6.35987 -5.65246
-6.35987 -5.65246
-7.52747 -6.52488
-7.52747 -6.52488
-8 -7
7.11775 6.92439
6.08858 6.50824
6.08858 6.50824
4.84688 5.82833
4.84688 5.82833
3.94442 5.32559
3.94442 5.32559
3.28958 4.95783
3.28958 4.95783
2.32707 4.42339
2.32707 4.42339
1.00781 3.85863
1.00781 3.85863
0.236898 3.45208
0.236898 3.45208
-0.85617 2.92701
-0.85617 2.92701
-2.09654 2.14803
-2.09654 2.14803
-2.96387 0.976349
-2.96387 0.976349
-3.68435 -0.0408676
-3.68435 -0.0408676
-4.34904 -1.17804
-4.34904 -1.17804
-5.25265 -2.2283
-5.25265 -2.2283
-5.52811 -3.48101
-5.52811 -3.48101
-5.84931 -4.51295
-5.84931 -4.51295
-6.35987 -5.65246
-6.35987 -5.65246
-7.52747 -6.52488
-7.52747 -6.52488
-8 -7
5.78257 6.38588
4.84688 5.82833
4.84688 5.82833
3.94442 5.32559
3.94442 5.32559
3.28958 4.95783
3.28958 4.95783
2.32707 4.42339
2.32707 4.42339
1.00781 3.85863
1.00781 3.85863
0.236898 3.45208
0.236898 3.45208
-0.85617 2.92701
-0.85617 2.92701
-2.09654 2.14803
-2.09654 2.14803
-2.96387 0.976349
-2.96387 0.976349
-3.68435 -0.0408676
-3.68435 -0.0408676
-4.34904 -1.17804
-4.34904 -1.17804
-5.25265 -2.2283
-5.25265 -2.2283
-5.52811 -3.48101
-5.52811 -3.48101
-5.84931 -4.51295
-5.84931 -4.51295
-6.35987 -5.65246
-6.35987 -5.65246
-7.52747 -6.52488
-7.52747 -6.52488
-8 -7
3.78523 8.74162
3.5139 7.6931
3.5139 7.6931
2.9109 6.62784
2.9109 6.62784
2.38904 6.18351
2.38904 6.18351
1.65149 5.09689
1.65149 5.09689
0.942762 4.38744
0.942762 4.38744
-0.185503 3.86387
-0.185503 3.86387
-1.04181 2.86281
-1.04181 2.86281
-2.3162 2.22051
-2.3162 2.22051
-2.96387 0.976349
-2.96387 0.976349
-3.68435 -0.0408676
-3.68435 -0.0408676
-4.34904 -1.17804
-4.34904 -1.17804
-5.25265 -2.2283
-5.25265 -2.2283
-5.52811 -3.48101
-5.52811 -3.48101
-5.84931 -4.51295
-5.84931 -4.51295
-6.35987 -5.65246
-6.35987 -5.65246
-7.52747 -6.52488
-7.52747 -6.52488
-8 -7
2.26699 9.13853
2.06199 8.24326
2.06199 8.24326
1.6156 6.93722
1.6156 6.93722
0.830567 6.03686
0.830567 6.03686
0.599243 4.85133
0.599243 4.85133
-0.321497 4.04032
-0.321497 4.04032
-0.85617 2.92701
-0.85617 2.92701
-2.09654 2.14803
-2.09654 2.14803
-2.96387 0.976349
-2.96387 0.976349
-3.68435 -0.0408676
-3.68435 -0.0408676
-4.34904 -1.17804
-4.34904 -1.17804
-5.25265 -2.2283
-5.25265 -2.2283
-5.52811 -3.48101
-5.52811 -3.48101
-5.84931 -4.51295
-5.84931 -4.51295
-6.35987 -5.65246
-6.35987 -5.65246
-7.52747 -6.52488
-7.52747 -6.52488
-8 -7
2.84601 6.57152
2.38904 6.18351
2.38904 6.18351
1.65149 5.09689
1.65149 5.09689
0.942762 4.38744
0.942762 4.38744
-0.185503 3.86387
-0.185503 3.86387
-1.04181 2.86281
-1.04181 2.86281
-2.3162 2.22051
-2.3162 2.22051
-2.96387 0.976349
-2.96387 0.976349
-3.68435 -0.0408676
-3.68435 -0.0408676
-4.34904 -1.17804
-4.34904 -1.17804
-5.25265 -2.2283
-5.25265 -2.2283
-5.52811 -3.48101
-5.52811 -3.48101
-5.84931 -4.51295
-5.84931 -4.51295
-6.35987 -5.65246
-6.35987 -5.65246
-7.52747 -6.52488
-7.52747 -6.52488
-8 -7
4.30603 6.41983
3.66724 5.18106
3.66724 5.18106
2.54006 4.4258
2.54006 4.4258
1.51489 3.95678
1.51489 3.95678
0.564973 3.2019
0.564973 3.2019
-0.775914 2.58299
-0.775914 2.58299
-1.91351 1.86607
-1.91351 1.86607
-2.96387 0.976349
-2.96387 0.976349
-3.68435 -0.0408676
-3.68435 -0.0408676
-4.34904 -1.17804
-4.34904 -1.17804
-5.25265 -2.2283
-5.25265 -2.2283
-5.52811 -3.48101
-5.52811 -3.48101
-5.84931 -4.51295
-5.84931 -4.51295
-6.35987 -5.65246
-6.35987 -5.65246
-7.52747 -6.52488
-7.52747 -6.52488
-8 -7
8.52561 9.53384
7.47128 8.7404
7.47128 8.7404
7.34036 7.98686
7.34036 7.98686
6.75379 7.27667
6.75379 7.27667
6.50972 6.77027
6.50972 6.77027
5.22065 6.14546
5.22065 6.14546
3.92662 5.49309
3.92662 5.49309
3.01792 5.04834
3.01792 5.04834
2.26509 4.54187
2.26509 4.54187
1.17077 3.78702
1.17077 3.78702
0.236898 3.45208
0.236898 3.45208
-0.85617 2.92701
-0.85617 2.92701
-2.09654 2.14803
-2.09654 2.14803
-2.96387 0.976349
-2.96387 0.976349
-3.68435 -0.0408676
-3.68435 -0.0408676
-4.34904 -1.17804
-4.34904 -1.17804
-5.25265 -2.2283
-5.25265 -2.2283
-5.52811 -3.48101
-5.52811 -3.48101
-5.84931 -4.51295
-5.84931 -4.51295
-6.35987 -5.65246
-6.35987 -5.65246
-7.52747 -6.52488
-7.52747 -6.52488
-8 -7
6.63418 7.09796
6.08858 6.50824
6.08858 6.50824
4.84688 5.82833
4.84688 5.82833
3.94442 5.32559
3.94442 5.32559
3.28958 4.95783
3.28958 4.95783
2.32707 4.42339
2.32707 4.42339
1.00781 3.85863
1.00781 3.85863
0.236898 3.45208
0.236898 3.45208
-0.85617 2.92701
-0.85617 2.92701
-2.09654 2.14803
-2.09654 2.14803
-2.96387 0.976349
-2.96387 0.976349
-3.68435 -0.0408676
-3.68435 -0.0408676
-4.34904 -1.17804
-4.34904 -1.17804
-5.25265 -2.2283
-5.25265 -2.2283
-5.52811 -3.48101
-5.52811 -3.48101
-5.84931 -4.51295
-5.84931 -4.51295
-6.35987 -5.65246
-6.35987 -5.65246
-7.52747 -6.52488
-7.52747 -6.52488
-8 -7
3.33946 5.39735
2.54006 4.4258
2.54006 4.4258
1.51489 3.95678
1.51489 3.95678
0.564973 3.2019
0.564973 3.2019
-0.775914 2.58299
-0.775914 2.58299
-1.91351 1.86607
-1.91351 1.86607
-2.96387 0.976349
-2.96387 0.976349
-3.68435 -0.0408676
-3.68435 -0.0408676
-4.34904 -1.17804
-4.34904 -1.17804
-5.25265 -2.2283
-5.25265 -2.2283
-5.52811 -3.48101
-5.52811 -3.48101
-5.84931 -4.51295
-5.84931 -4.51295
-6.35987 -5.65246
-6.35987 -5.65246
-7.52747 -6.52488
-7.52747 -6.52488
-8 -7
4.28635 7.62891
3.5139 7.6931
3.5139 7.6931
2.9109 6.62784
2.9109 6.62784
2.38904 6.18351
2.38904 6.18351
1.65149 5.09689
1.65149 5.09689
0.942762 4.38744
0.942762 4.38744
-0.185503 3.86387
-0.185503 3.86387
-1.04181 2.86281
-1.04181 2.86281
-2.3162 2.22051
-2.3162 2.22051
-2.96387 0.976349
-2.96387 0.976349
-3.68435 -0.0408676
-3.68435 -0.0408676
-4.34904 -1.17804
-4.34904 -1.17804
-5.25265 -2.2283
-5.25265 -2.2283
-5.52811 -3.48101
-5.52811 -3.48101
-5.84931 -4.51295
-5.84931 -4.51295
-6.35987 -5.65246
-6.35987 -5.65246
-7.52747 -6.52488
-7.52747 -6.52488
-8 -7
7.46019 8.65001
7.34036 7.98686
7.34036 7.98686
6.75379 7.27667
6.75379 7.27667
6.50972 6.77027
6.50972 6.77027
5.22065 6.14546
5.22065 6.14546
3.92662 5.49309
3.92662 5.49309
3.01792 5.04834
3.01792 5.04834
2.26509 4.54187
2.26509 4.54187
1.17077 3.78702
1.17077 3.78702
0.236898 3.45208
0.236898 3.45208
-0.85617 2.92701
-0.85617 2.92701
-2.09654 2.14803
-2.09654 2.14803
-2.96387 0.976349
-2.96387 0.976349
-3.68435 -0.0408676
-3.68435 -0.0408676
-4.34904 -1.17804
-4.34904 -1.17804
-5.25265 -2.2283
-5.25265 -2.2283
-5.52811 -3.48101
-5.52811 -3.48101
-5.84931 -4.51295
-5.84931 -4.51295
-6.35987 -5.65246
-6.35987 -5.65246
-7.52747 -6.52488
-7.52747 -6.52488
-8 -7
2.21903 8.0144
1.6156 6.93722
1.6156 6.93722
0.830567 6.03686
0.830567 6.03686
0.599243 4.85133
0.599243 4.85133
-0.321497 4.04032
-0.321497 4.04032
-0.85617 2.92701
-0.85617 2.92701
-2.09654 2.14803
-2.09654 2.14803
-2.96387 0.976349
-2.96387 0.976349
-3.68435 -0.0408676
-3.68435 -0.0408676
-4.34904 -1.17804
-4.34904 -1.17804
-5.25265 -2.2283
-5.25265 -2.2283
-5.52811 -3.48101
-5.52811 -3.48101
-5.84931 -4.51295
-5.84931 -4.51295
-6.35987 -5.65246
-6.35987 -5.65246
-7.52747 -6.52488
-7.52747 -6.52488
-8 -7
9.1133 6.9199
8.0409 6.37657
8.0409 6.37657
7.07767 5.95687
7.07767 5.95687
6.16047 5.10536
6.16047 5.10536
5.76394 3.98588
5.76394 3.98588
5.39 3.08237
5.39 3.08237
4.5247 2.10249
4.5247 2.10249
3.72485 0.879947
3.72485 0.879947
3.36236 0.131623
3.36236 0.131623
2.7762 -0.827006
2.7762 -0.827006
1.99598 -1.90775
1.99598 -1.90775
1.02422 -2.57171
1.02422 -2.57171
0.486484 -2.76281
0.486484 -2.76281
-0.929672 -2.73865
-0.929672 -2.73865
-2.03559 -3.43114
-2.03559 -3.43114
-3.27228 -3.85878
-3.27228 -3.85878
-3.93629 -4.26354
-3.93629 -4.26354
-4.79119 -4.74365
-4.79119 -4.74365
-5.45948 -5.04738
-5.45948 -5.04738
-6.35987 -5.65246
-6.35987 -5.65246
-7.52747 -6.52488
-7.52747 -6.52488
-8 -7
8.66896 5.75214
8.02472 5.15755
8.02472 5.15755
7.01785 4.80901
7.01785 4.80901
6.24455 4.29439
6.24455 4.29439
5.76394 3.98588
5.76394 3.98588
5.39 3.08237
5.39 3.08237
4.5247 2.10249
4.5247 2.10249
3.72485 0.879947
3.72485 0.879947
3.36236 0.131623
3.36236 0.131623
2.7762 -0.827006
2.7762 -0.827006
1.99598 -1.90775
1.99598 -1.90775
1.02422 -2.57171
1.02422 -2.57171
0.486484 -2.76281
0.486484 -2.76281
-0.929672 -2.73865
-0.929672 -2.73865
-2.03559 -3.43114
-2.03559 -3.43114
-3.27228 -3.85878
-3.27228 -3.85878
-3.93629 -4.26354
-3.93629 -4.26354
-4.79119 -4.74365
-4.79119 -4.74365
-5.45948 -5.04738
-5.45948 -5.04738
-6.35987 -5.65246
-6.35987 -5.65246
-7.52747 -6.52488
-7.52747 -6.52488
-8 -7
6.00962 5.52772
4.85782 5.46912
4.85782 5.46912
3.57873 5.03436
3.57873 5.03436
2.54006 4.4258
2.54006 4.4258
1.51489 3.95678
1.51489 3.95678
0.564973 3.2019
0.564973 3.2019
-0.775914 2.58299
-0.775914 2.58299
-1.91351 1.86607
-1.91351 1.86607
-2.96387 0.976349
-2.96387 0.976349
-3.68435 -0.0408676
-3.68435 -0.0408676
-4.34904 -1.17804
-4.34904 -1.17804
-5.25265 -2.2283
-5.25265 -2.2283
-5.52811 -3.48101
-5.52811 -3.48101
-5.84931 -4.51295
-5.84931 -4.51295
-6.35987 -5.65246
-6.35987 -5.65246
-7.52747 -6.52488
-7.52747 -6.52488
-8 -7
4.81778 5.54558
4.00698 5.22059
4.00698 5.22059
3.57873 5.03436
3.57873 5.03436
2.54006 4.4258
2.54006 4.4258
1.51489 3.95678
1.51489 3.95678
0.564973 3.2019
0.564973 3.2019
-0.775914 2.58299
-0.775914 2.58299
-1.91351 1.86607
-1.91351 1.86607
-2.96387 0.976349
-2.96387 0.976349
-3.68435 -0.0408676
-3.68435 -0.0408676
-4.34904 -1.17804
-4.34904 -1.17804
-5.25265 -2.2283
-5.25265 -2.2283
-5.52811 -3.48101
-5.52811 -3.48101
-5.84931 -4.51295
-5.84931 -4.51295
-6.35987 -5.65246
-6.35987 -5.65246
-7.52747 -6.52488
-7.52747 -6.52488
-8 -7
-7.09479 -8.66647
-7.78272 -7.70486
-7.78272 -7.70486
-8 -7
-4.61695 -5.42569
-5.58262 -5.73814
-5.58262 -5.73814
-6.02928 -5.77476
-6.02928 -5.77476
-7.04075 -6.19173
-7.04075 -6.19173
-8 -7
-3.39807 -9.08664
-4.07 -8.27188
-4.07 -8.27188
-4.53054 -7.62744
-4.53054 -7.62744
-5.94236 -7.19934
-5.94236 -7.19934
-7.06308 -6.8935
-7.06308 -6.8935
-8 -7
-5.78653 -8.78102
-6.66427 -8.0462
-6.66427 -8.0462
-7.77105 -7.72257
-7.77105 -7.72257
-8 -7
-4.98231 -8.24966
-6.34014 -7.63144
-6.34014 -7.63144
-7.32517 -6.8743
-7.32517 -6.8743
-8 -7
-4.25457 -6.66461
-4.58691 -6.98897
-4.58691 -6.98897
-5.94236 -7.19934
-5.94236 -7.19934
-7.06308 -6.8935
-7.06308 -6.8935
-8 -7
-2.33184 -8.10727
-3.31646 -7.52628
-3.31646 -7.52628
-4.53054 -7.62744
-4.53054 -7.62744
-5.94236 -7.19934
-5.94236 -7.19934
-7.06308 -6.8935
-7.06308 -6.8935
-8 -7
-3.4634 -5.24105
-4.58575 -5.46842
-4.58575 -5.46842
-5.58262 -5.73814
-5.58262 -5.73814
-6.02928 -5.77476
-6.02928 -5.77476
-7.04075 -6.19173
-7.04075 -6.19173
-8 -7
-8.29712 -7.57584
-8 -7
-1.30975 -9.33454
-2.106 -8.14983
-2.106 -8.14983
-3.52977 -7.88774
-3.52977 -7.88774
-4.53054 -7.62744
-4.53054 -7.62744
-5.94236 -7.19934
-5.94236 -7.19934
-7.06308 -6.8935
-7.06308 -6.8935
-8 -7
-1.31403 -9.01325
-2.106 -8.14983
-2.106 -8.14983
-3.52977 -7.88774
-3.52977 -7.88774
-4.53054 -7.62744
-4.53054 -7.62744
-5.94236 -7.19934
-5.94236 -7.19934
-7.06308 -6.8935
-7.06308 -6.8935
-8 -7
-8.60444 -6.57876
-8 -7
-8.56987 -6.30164
-8 -7
-7.7878 -6.3288
-8 -7
9.3241 -7.32579
8.19594 -7.36642
8.19594 -7.36642
6.86967 -7.03182
6.86967 -7.03182
5.78553 -7.00635
5.78553 -7.00635
4.62507 -7.12518
4.62507 -7.12518
3.43408 -7.70261
3.43408 -7.70261
2.23087 -7.65257
2.23087 -7.65257
1.30542 -7.67957
1.30542 -7.67957
0.32893 -8.53472
0.32893 -8.53472
-0.769547 -8.51201
-0.769547 -8.51201
-2.106 -8.14983
-2.106 -8.14983
-3.52977 -7.88774
-3.52977 -7.88774
-4.53054 -7.62744
-4.53054 -7.62744
-5.94236 -7.19934
-5.94236 -7.19934
-7.06308 -6.8935
-7.06308 -6.8935
-8 -7
8.94256 -8.62132
7.78671 -7.8912
7.78671 -7.8912
6.66591 -7.88746
6.66591 -7.88746
5.22518 -7.52431
5.22518 -7.52431
3.88426 -7.45809
3.88426 -7.45809
3.27058 -7.39151
3.27058 -7.39151
2.23087 -7.65257
2.23087 -7.65257
1.30542 -7.67957
1.30542 -7.67957
0.32893 -8.53472
0.32893 -8.53472
-0.769547 -8.51201
-0.769547 -8.51201
-2.106 -8.14983
-2.106 -8.14983
-3.52977 -7.88774
-3.52977 -7.88774
-4.53054 -7.62744
-4.53054 -7.62744
-5.94236 -7.19934
-5.94236 -7.19934
-7.06308 -6.8935
-7.06308 -6.8935
-8 -7
8.6292 -5.81369
8.09227 -6.86033
8.09227 -6.86033
7.17123 -6.56428
7.17123 -6.56428
5.78553 -7.00635
5.78553 -7.00635
4.62507 -7.12518
4.62507 -7.12518
3.43408 -7.70261
3.43408 -7.70261
2.23087 -7.65257
2.23087 -7.65257
1.30542 -7.67957
1.30542 -7.67957
0.32893 -8.53472
0.32893 -8.53472
-0.769547 -8.51201
-0.769547 -8.51201
-2.106 -8.14983
-2.106 -8.14983
-3.52977 -7.88774
-3.52977 -7.88774
-4.53054 -7.62744
-4.53054 -7.62744
-5.94236 -7.19934
-5.94236 -7.19934
-7.06308 -6.8935
-7.06308 -6.8935
-8 -7
6.33476 -8.91354
6.28827 -8.0684
6.28827 -8.0684
5.22518 -7.52431
5.22518 -7.52431
3.88426 -7.45809
3.88426 -7.45809
3.27058 -7.39151
3.27058 -7.39151
2.23087 -7.65257
2.23087 -7.65257
1.30542 -7.67957
1.30542 -7.67957
0.32893 -8.53472
0.32893 -8.53472
-0.769547 -8.51201
-0.769547 -8.51201
-2.106 -8.14983
-2.106 -8.14983
-3.52977 -7.88774
-3.52977 -7.88774
-4.53054 -7.62744
-4.53054 -7.62744
-5.94236 -7.19934
-5.94236 -7.19934
-7.06308 -6.8935
-7.06308 -6.8935
-8 -7
7.53731 -8.86436
6.28827 -8.0684
6.28827 -8.0684
5.22518 -7.52431
5.22518 -7.52431
3.88426 -7.45809
3.88426 -7.45809
3.27058 -7.39151
3.27058 -7.39151
2.23087 -7.65257
2.23087 -7.65257
1.30542 -7.67957
1.30542 -7.67957
0.32893 -8.53472
0.32893 -8.53472
-0.769547 -8.51201
-0.769547 -8.51201
-2.106 -8.14983
-2.106 -8.14983
-3.52977 -7.88774
-3.52977 -7.88774
-4.53054 -7.62744
-4.53054 -7.62744
-5.94236 -7.19934
-5.94236 -7.19934
-7.06308 -6.8935
-7.06308 -6.8935
-8 -7
8.32713 -3.43187
7.44379 -4.29304
7.44379 -4.29304
6.71476 -4.71895
6.71476 -4.71895
5.6566 -5.73605
5.6566 -5.73605
4.71935 -6.33587
4.71935 -6.33587
3.57109 -6.43439
3.57109 -6.43439
2.46385 -7.17468
2.46385 -7.17468
1.22318 -7.5265
1.22318 -7.5265
-0.0366021 -7.42733
-0.0366021 -7.42733
-1.29864 -7.11434
-1.29864 -7.11434
-2.38285 -6.27428
-2.38285 -6.27428
-3.25297 -5.81543
-3.25297 -5.81543
-4.40759 -5.48675
-4.40759 -5.48675
-5.56996 -5.26485
-5.56996 -5.26485
-6.02928 -5.77476
-6.02928 -5.77476
-7.04075 -6.19173
-7.04075 -6.19173
-8 -7
4.5913 -9.75793
4.09519 -8.40311
4.09519 -8.40311
3.08086 -7.65658
3.08086 -7.65658
2.23087 -7.65257
2.23087 -7.65257
1.30542 -7.67957
1.30542 -7.67957
0.32893 -8.53472
0.32893 -8.53472
-0.769547 -8.51201
-0.769547 -8.51201
-2.106 -8.14983
-2.106 -8.14983
-3.52977 -7.88774
-3.52977 -7.88774
-4.53054 -7.62744
-4.53054 -7.62744
-5.94236 -7.19934
-5.94236 -7.19934
-7.06308 -6.8935
-7.06308 -6.8935
-8 -7
5.09566 -9.40778
4.09519 -8.40311
4.09519 -8.40311
3.08086 -7.65658
3.08086 -7.65658
2.23087 -7.65257
2.23087 -7.65257
1.30542 -7.67957
1.30542 -7.67957
0.32893 -8.53472
0.32893 -8.53472
-0.769547 -8.51201
-0.769547 -8.51201
-2.106 -8.14983
-2.106 -8.14983
-3.52977 -7.88774
-3.52977 -7.88774
-4.53054 -7.62744
-4.53054 -7.62744
-5.94236 -7.19934
-5.94236 -7.19934
-7.06308 -6.8935
-7.06308 -6.8935
-8 -7
7.2713 -5.72217
6.47222 -5.60752
6.47222 -5.60752
5.38158 -5.95538
5.38158 -5.95538
4.65012 -6.28038
4.65012 -6.28038
3.71043 -6.39239
3.71043 -6.39239
2.80399 -6.21949
2.80399 -6.21949
1.48434 -6.11298
1.48434 -6.11298
0.355877 -5.38885
0.355877 -5.38885
-1.00105 -5.23893
-1.00105 -5.23893
-2.21868 -4.9278
-2.21868 -4.9278
-3.44797 -5.43728
-3.44797 -5.43728
-4.42133 -5.48041
-4.42133 -5.48041
-5.58262 -5.73814
-5.58262 -5.73814
-6.02928 -5.77476
-6.02928 -5.77476
-7.04075 -6.19173
-7.04075 -6.19173
-8 -7
8.32849 -6.63817
7.17123 -6.56428
7.17123 -6.56428
5.78553 -7.00635
5.78553 -7.00635
4.62507 -7.12518
4.62507 -7.12518
3.43408 -7.70261
3.43408 -7.70261
2.23087 -7.65257
2.23087 -7.65257
1.30542 -7.67957
1.30542 -7.67957
0.32893 -8.53472
0.32893 -8.53472
-0.769547 -8.51201
-0.769547 -8.51201
-2.106 -8.14983
-2.106 -8.14983
-3.52977 -7.88774
-3.52977 -7.88774
-4.53054 -7.62744
-4.53054 -7.62744
-5.94236 -7.19934
-5.94236 -7.19934
-7.06308 -6.8935
-7.06308 -6.8935
-8 -7
8.34232 -4.644
7.76161 -4.75062
7.76161 -4.75062
6.55728 -5.09687
6.55728 -5.09687
6.47222 -5.60752
6.47222 -5.60752
5.38158 -5.95538
5.38158 -5.95538
4.65012 -6.28038
4.65012 -6.28038
3.71043 -6.39239
3.71043 -6.39239
2.80399 -6.21949
2.80399 -6.21949
1.48434 -6.11298
1.48434 -6.11298
0.355877 -5.38885
0.355877 -5.38885
-1.00105 -5.23893
-1.00105 -5.23893
-2.21868 -4.9278
-2.21868 -4.9278
-3.44797 -5.43728
-3.44797 -5.43728
-4.42133 -5.48041
-4.42133 -5.48041
-5.58262 -5.73814
-5.58262 -5.73814
-6.02928 -5.77476
-6.02928 -5.77476
-7.04075 -6.19173
-7.04075 -6.19173
-8 -7
6.03306 -6.01462
4.65012 -6.28038
4.65012 -6.28038
3.71043 -6.39239
3.71043 -6.39239
2.80399 -6.21949
2.80399 -6.21949
1.48434 -6.11298
1.48434 -6.11298
0.355877 -5.38885
0.355877 -5.38885
-1.00105 -5.23893
-1.00105 -5.23893
-2.21868 -4.9278
-2.21868 -4.9278
-3.44797 -5.43728
-3.44797 -5.43728
-4.42133 -5.48041
-4.42133 -5.48041
-5.58262 -5.73814
-5.58262 -5.73814
-6.02928 -5.77476
-6.02928 -5.77476
-7.04075 -6.19173
-7.04075 -6.19173
-8 -7
7.20796 -4.92083
6.55728 -5.09687
6.55728 -5.09687
6.47222 -5.60752
6.47222 -5.60752
5.38158 -5.95538
5.38158 -5.95538
4.65012 -6.28038
4.65012 -6.28038
3.71043 -6.39239
3.71043 -6.39239
2.80399 -6.21949
2.80399 -6.21949
1.48434 -6.11298
1.48434 -6.11298
0.355877 -5.38885
0.355877 -5.38885
-1.00105 -5.23893
-1.00105 -5.23893
-2.21868 -4.9278
-2.21868 -4.9278
-3.44797 -5.43728
-3.44797 -5.43728
-4.42133 -5.48041
-4.42133 -5.48041
-5.58262 -5.73814
-5.58262 -5.73814
-6.02928 -5.77476
-6.02928 -5.77476
-7.04075 -6.19173
-7.04075 -6.19173
-8 -7
7.09762 -4.22006
6.55728 -5.09687
6.55728 -5.09687
6.47222 -5.60752
6.47222 -5.60752
5.38158 -5.95538
5.38158 -5.95538
4.65012 -6.28038
4.65012 -6.28038
3.71043 -6.39239
3.71043 -6.39239
2.80399 -6.21949
2.80399 -6.21949
1.48434 -6.11298
1.48434 -6.11298
0.355877 -5.38885
0.355877 -5.38885
-1.00105 -5.23893
-1.00105 -5.23893
-2.21868 -4.9278
-2.21868 -4.9278
-3.44797 -5.43728
-3.44797 -5.43728
-4.42133 -5.48041
-4.42133 -5.48041
-5.58262 -5.73814
-5.58262 -5.73814
-6.02928 -5.77476
-6.02928 -5.77476
-7.04075 -6.19173
-7.04075 -6.19173
-8 -7
-9.25859 6.67417
-8.08821 6.47976
-8.08821 6.47976
-8.06482 5.236
-8.06482 5.236
-7.80624 4.00699
-7.80624 4.00699
-8.08304 2.73969
-8.08304 2.73969
-7.73353 1.55522
-7.73353 1.55522
-8.06925 0.512939
-8.06925 0.512939
-7.62348 -0.870848
-7.62348 -0.870848
-8.05555 -2.08737
-8.05555 -2.08737
-8.25345 -3.32107
-8.25345 -3.32107
-7.48212 -4.47295
-7.48212 -4.47295
-7.72409 -5.88095
-7.72409 -5.88095
-8 -7
-8.3765 8.70306
-8.30604 7.74733
-8.30604 7.74733
-8.05477 6.90349
-8.05477 6.90349
-7.75527 5.52861
-7.75527 5.52861
-7.64072 4.70166
-7.64072 4.70166
-8.27387 3.90975
-8.27387 3.90975
-8.08304 2.73969
-8.08304 2.73969
-7.73353 1.55522
-7.73353 1.55522
-8.06925 0.512939
-8.06925 0.512939
-7.62348 -0.870848
-7.62348 -0.870848
-8.05555 -2.08737
-8.05555 -2.08737
-8.25345 -3.32107
-8.25345 -3.32107
-7.48212 -4.47295
-7.48212 -4.47295
-7.72409 -5.88095
-7.72409 -5.88095
-8 -7
-9.2205 4.7743
-8.27387 3.90975
-8.27387 3.90975
-8.08304 2.73969
-8.08304 2.73969
-7.73353 1.55522
-7.73353 1.55522
-8.06925 0.512939
-8.06925 0.512939
-7.62348 -0.870848
-7.62348 -0.870848
-8.05555 -2.08737
-8.05555 -2.08737
-8.25345 -3.32107
-8.25345 -3.32107
-7.48212 -4.47295
-7.48212 -4.47295
-7.72409 -5.88095
-7.72409 -5.88095
-8 -7
-8.88916 3.40463
-7.97866 2.59968
-7.97866 2.59968
-7.69127 1.39778
-7.69127 1.39778
-7.49605 0.486045
-7.49605 0.486045
-7.3664 -0.772081
-7.3664 -0.772081
-7.59012 -2.08551
-7.59012 -2.08551
-7.34087 -3.40357
-7.34087 -3.40357
-7.48212 -4.47295
-7.48212 -4.47295
-7.72409 -5.88095
-7.72409 -5.88095
-8 -7
-6.86484 7.02393
-6.97986 5.63031
-6.97986 5.63031
-6.39623 4.56494
-6.39623 4.56494
-6.97395 3.20436
-6.97395 3.20436
-6.85178 1.73996
-6.85178 1.73996
-7.49605 0.486045
-7.49605 0.486045
-7.3664 -0.772081
-7.3664 -0.772081
-7.59012 -2.08551
-7.59012 -2.08551
-7.34087 -3.40357
-7.34087 -3.40357
-7.48212 -4.47295
-7.48212 -4.47295
-7.72409 -5.88095
-7.72409 -5.88095
-8 -7
-6.00783 8.67932
-6.18477 7.55521
-6.18477 7.55521
-5.771 6.58474
-5.771 6.58474
-5.90956 5.71057
-5.90956 5.71057
-6.39623 4.56494
-6.39623 4.56494
-6.97395 3.20436
-6.97395 3.20436
-6.85178 1.73996
-6.85178 1.73996
-7.49605 0.486045
-7.49605 0.486045
-7.3664 -0.772081
-7.3664 -0.772081
-7.59012 -2.08551
-7.59012 -2.08551
-7.34087 -3.40357
-7.34087 -3.40357
-7.48212 -4.47295
-7.48212 -4.47295
-7.72409 -5.88095
-7.72409 -5.88095
-8 -7
-7.01786 9.08042
-7.55758 7.85392
-7.55758 7.85392
-8.08821 6.47976
-8.08821 6.47976
-8.06482 5.236
-8.06482 5.236
-7.80624 4.00699
-7.80624 4.00699
-8.08304 2.73969
-8.08304 2.73969
-7.73353 1.55522
-7.73353 1.55522
-8.06925 0.512939
-8.06925 0.512939
-7.62348 -0.870848
-7.62348 -0.870848
-8.05555 -2.08737
-8.05555 -2.08737
-8.25345 -3.32107
-8.25345 -3.32107
-7.48212 -4.47295
-7.48212 -4.47295
-7.72409 -5.88095
-7.72409 -5.88095
-8 -7
-4.84933 8.16444
-4.66969 6.92864
-4.66969 6.92864
-5.50746 5.80936
-5.50746 5.80936
-5.90956 5.71057
-5.90956 5.71057
-6.39623 4.56494
-6.39623 4.56494
-6.97395 3.20436
-6.97395 3.20436
-6.85178 1.73996
-6.85178 1.73996
-7.49605 0.486045
-7.49605 0.486045
-7.3664 -0.772081
-7.3664 -0.772081
-7.59012 -2.08551
-7.59012 -2.08551
-7.34087 -3.40357
-7.34087 -3.40357
-7.48212 -4.47295
-7.48212 -4.47295
-7.72409 -5.88095
-7.72409 -5.88095
-8 -7
-6.21 4.97038
-6.39623 4.56494
-6.39623 4.56494
-6.97395 3.20436
-6.97395 3.20436
-6.85178 1.73996
-6.85178 1.73996
-7.49605 0.486045
-7.49605 0.486045
-7.3664 -0.772081
-7.3664 -0.772081
-7.59012 -2.08551
-7.59012 -2.08551
-7.34087 -3.40357
-7.34087 -3.40357
-7.48212 -4.47295
-7.48212 -4.47295
-7.72409 -5.88095
-7.72409 -5.88095
-8 -7
-6.91808 5.63469
-6.39623 4.56494
-6.39623 4.56494
-6.97395 3.20436
-6.97395 3.20436
-6.85178 1.73996
-6.85178 1.73996
-7.49605 0.486045
-7.49605 0.486045
-7.3664 -0.772081
-7.3664 -0.772081
-7.59012 -2.08551
-7.59012 -2.08551
-7.34087 -3.40357
-7.34087 -3.40357
-7.48212 -4.47295
-7.48212 -4.47295
-7.72409 -5.88095
-7.72409 -5.88095
-8 -7
-8.5111 7.76004
-8.36651 6.40068
-8.36651 6.40068
-8.13743 5.31643
-8.13743 5.31643
-7.61582 4.2221
-7.61582 4.2221
-7.75292 2.83771
-7.75292 2.83771
-7.69127 1.39778
-7.69127 1.39778
-7.49605 0.486045
-7.49605 0.486045
-7.3664 -0.772081
-7.3664 -0.772081
-7.59012 -2.08551
-7.59012 -2.08551
-7.34087 -3.40357
-7.34087 -3.40357
-7.48212 -4.47295
-7.48212 -4.47295
-7.72409 -5.88095
-7.72409 -5.88095
-8 -7
-1.01464 -3.49357
-2.25114 -3.48867
-2.25114 -3.48867
-3.27228 -3.85878
-3.27228 -3.85878
-3.93629 -4.26354
-3.93629 -4.26354
-4.79119 -4.74365
-4.79119 -4.74365
-5.45948 -5.04738
-5.45948 -5.04738
-6.35987 -5.65246
-6.35987 -5.65246
-7.52747 -6.52488
-7.52747 -6.52488
-8 -7
-2.48481 -4.81434
-3.33426 -5.27004
-3.33426 -5.27004
-4.54734 -5.52821
-4.54734 -5.52821
-5.58262 -5.73814
-5.58262 -5.73814
-6.02928 -5.77476
-6.02928 -5.77476
-7.04075 -6.19173
-7.04075 -6.19173
-8 -7
-2.52356 -1.86273
-3.5439 -2.79157
-3.5439 -2.79157
-4.41822 -3.62358
-4.41822 -3.62358
-5.26252 -4.41861
-5.26252 -4.41861
-6.33436 -5.43153
-6.33436 -5.43153
-6.97358 -6.04322
-6.97358 -6.04322
-8 -7
-2.60671 -2.25618
-3.55205 -3.09572
-3.55205 -3.09572
-4.60511 -4.13897
-4.60511 -4.13897
-5.22012 -4.73276
-5.22012 -4.73276
-6.35987 -5.65246
-6.35987 -5.65246
-7.52747 -6.52488
-7.52747 -6.52488
-8 -7
-1.42869 -2.51004
-2.25114 -3.48867
-2.25114 -3.48867
-3.27228 -3.85878
-3.27228 -3.85878
-3.93629 -4.26354
-3.93629 -4.26354
-4.79119 -4.74365
-4.79119 -4.74365
-5.45948 -5.04738
-5.45948 -5.04738
-6.35987 -5.65246
-6.35987 -5.65246
-7.52747 -6.52488
-7.52747 -6.52488
-8 -7
-0.96837 -5.60586
-1.93414 -5.65527
-1.93414 -5.65527
-3.33426 -5.27004
-3.33426 -5.27004
-4.54734 -5.52821
-4.54734 -5.52821
-5.58262 -5.73814
-5.58262 -5.73814
-6.02928 -5.77476
-6.02928 -5.77476
-7.04075 -6.19173
-7.04075 -6.19173
-8 -7
-1.06452 -4.49608
-1.93414 -5.65527
-1.93414 -5.65527
-3.33426 -5.27004
-3.33426 -5.27004
-4.54734 -5.52821
-4.54734 -5.52821
-5.58262 -5.73814
-5.58262 -5.73814
-6.02928 -5.77476
-6.02928 -5.77476
-7.04075 -6.19173
-7.04075 -6.19173
-8 -7
2.97977 0.644007
2.79008 -0.547573
2.79008 -0.547573
2.00506 -1.81109
2.00506 -1.81109
1.02422 -2.57171
1.02422 -2.57171
0.486484 -2.76281
0.486484 -2.76281
-0.929672 -2.73865
-0.929672 -2.73865
-2.03559 -3.43114
-2.03559 -3.43114
-3.27228 -3.85878
-3.27228 -3.85878
-3.93629 -4.26354
-3.93629 -4.26354
-4.79119 -4.74365
-4.79119 -4.74365
-5.45948 -5.04738
-5.45948 -5.04738
-6.35987 -5.65246
-6.35987 -5.65246
-7.52747 -6.52488
-7.52747 -6.52488
-8 -7
3.92608 -0.686742
2.55303 -0.885988
2.55303 -0.885988
1.99598 -1.90775
1.99598 -1.90775
1.02422 -2.57171
1.02422 -2.57171
0.486484 -2.76281
0.486484 -2.76281
-0.929672 -2.73865
-0.929672 -2.73865
-2.03559 -3.43114
-2.03559 -3.43114
-3.27228 -3.85878
-3.27228 -3.85878
-3.93629 -4.26354
-3.93629 -4.26354
-4.79119 -4.74365
-4.79119 -4.74365
-5.45948 -5.04738
-5.45948 -5.04738
-6.35987 -5.65246
-6.35987 -5.65246
-7.52747 -6.52488
-7.52747 -6.52488
-8 -7
-2.6421 -0.527473
-2.77435 -1.46616
-2.77435 -1.46616
-2.88893 -1.9683
-2.88893 -1.9683
-3.77795 -2.77791
-3.77795 -2.77791
-4.39082 -3.31213
-4.39082 -3.31213
-4.44812 -3.37764
-4.44812 -3.37764
-5.44304 -4.34912
-5.44304 -4.34912
-6.33436 -5.43153
-6.33436 -5.43153
-6.97358 -6.04322
-6.97358 -6.04322
-8 -7
0.131931 -2.78574
-0.714643 -3.48665
-0.714643 -3.48665
-2.05851 -3.38698
-2.05851 -3.38698
-3.27228 -3.85878
-3.27228 -3.85878
-3.93629 -4.26354
-3.93629 -4.26354
-4.79119 -4.74365
-4.79119 -4.74365
-5.45948 -5.04738
-5.45948 -5.04738
-6.35987 -5.65246
-6.35987 -5.65246
-7.52747 -6.52488
-7.52747 -6.52488
-8 -7
1.47055 -3.92772
0.609563 -3.92136
0.609563 -3.92136
-0.710712 -3.53283
-0.710712 -3.53283
-2.03559 -3.43114
-2.03559 -3.43114
-3.27228 -3.85878
-3.27228 -3.85878
-3.93629 -4.26354
-3.93629 -4.26354
-4.79119 -4.74365
-4.79119 -4.74365
-5.45948 -5.04738
-5.45948 -5.04738
-6.35987 -5.65246
-6.35987 -5.65246
-7.52747 -6.52488
-7.52747 -6.52488
-8 -7
1.44716 -8.75227
0.203553 -8.58156
0.203553 -8.58156
-0.769547 -8.51201
-0.769547 -8.51201
-2.106 -8.14983
-2.106 -8.14983
-3.52977 -7.88774
-3.52977 -7.88774
-4.53054 -7.62744
-4.53054 -7.62744
-5.94236 -7.19934
-5.94236 -7.19934
-7.06308 -6.8935
-7.06308 -6.8935
-8 -7
2.73034 -9.02689
2.23087 -7.65257
2.23087 -7.65257
1.30542 -7.67957
1.30542 -7.67957
0.32893 -8.53472
0.32893 -8.53472
-0.769547 -8.51201
-0.769547 -8.51201
-2.106 -8.14983
-2.106 -8.14983
-3.52977 -7.88774
-3.52977 -7.88774
-4.53054 -7.62744
-4.53054 -7.62744
-5.94236 -7.19934
-5.94236 -7.19934
-7.06308 -6.8935
-7.06308 -6.8935
-8 -7
2.86706 -7.50045
2.23087 -7.65257
2.23087 -7.65257
1.30542 -7.67957
1.30542 -7.67957
0.32893 -8.53472
0.32893 -8.53472
-0.769547 -8.51201
-0.769547 -8.51201
-2.106 -8.14983
-2.106 -8.14983
-3.52977 -7.88774
-3.52977 -7.88774
-4.53054 -7.62744
-4.53054 -7.62744
-5.94236 -7.19934
-5.94236 -7.19934
-7.06308 -6.8935
-7.06308 -6.8935
-8 -7
0.742412 -7.80113
0.607492 -8.30291
0.607492 -8.30291
-0.769547 -8.51201
-0.769547 -8.51201
-2.106 -8.14983
-2.106 -8.14983
-3.52977 -7.88774
-3.52977 -7.88774
-4.53054 -7.62744
-4.53054 -7.62744
-5.94236 -7.19934
-5.94236 -7.19934
-7.06308 -6.8935
-7.06308 -6.8935
-8 -7
1.63378 -5.44061
0.365806 -5.25424
0.365806 -5.25424
-1.00105 -5.23893
-1.00105 -5.23893
-2.21868 -4.9278
-2.21868 -4.9278
-3.44797 -5.43728
-3.44797 -5.43728
-4.42133 -5.48041
-4.42133 -5.48041
-5.58262 -5.73814
-5.58262 -5.73814
-6.02928 -5.77476
-6.02928 -5.77476
-7.04075 -6.19173
-7.04075 -6.19173
-8 -7
3.4759 -6.43789
2.5145 -6.18779
2.5145 -6.18779
1.48434 -6.11298
1.48434 -6.11298
0.355877 -5.38885
0.355877 -5.38885
-1.00105 -5.23893
-1.00105 -5.23893
-2.21868 -4.9278
-2.21868 -4.9278
-3.44797 -5.43728
-3.44797 -5.43728
-4.42133 -5.48041
-4.42133 -5.48041
-5.58262 -5.73814
-5.58262 -5.73814
-6.02928 -5.77476
-6.02928 -5.77476
-7.04075 -6.19173
-7.04075 -6.19173
-8 -7
-0.151375 -7.04057
-0.189792 -7.10328
-0.189792 -7.10328
-1.41105 -7.12355
-1.41105 -7.12355
-2.71543 -6.62039
-2.71543 -6.62039
-3.31414 -7.08088
-3.31414 -7.08088
-4.53054 -7.62744
-4.53054 -7.62744
-5.94236 -7.19934
-5.94236 -7.19934
-7.06308 -6.8935
-7.06308 -6.8935
-8 -7
1.13362 -3.47377
0.279065 -3.97849
0.279065 -3.97849
-0.714643 -3.48665
-0.714643 -3.48665
-2.05851 -3.38698
-2.05851 -3.38698
-3.27228 -3.85878
-3.27228 -3.85878
-3.93629 -4.26354
-3.93629 -4.26354
-4.79119 -4.74365
-4.79119 -4.74365
-5.45948 -5.04738
-5.45948 -5.04738
-6.35987 -5.65246
-6.35987 -5.65246
-7.52747 -6.52488
-7.52747 -6.52488
-8 -7
2.5315 -0.86007
1.91601 -1.8989
1.91601 -1.8989
1.02422 -2.57171
1.02422 -2.57171
0.486484 -2.76281
0.486484 -2.76281
-0.929672 -2.73865
-0.929672 -2.73865
-2.03559 -3.43114
-2.03559 -3.43114
-3.27228 -3.85878
-3.27228 -3.85878
-3.93629 -4.26354
-3.93629 -4.26354
-4.79119 -4.74365
-4.79119 -4.74365
-5.45948 -5.04738
-5.45948 -5.04738
-6.35987 -5.65246
-6.35987 -5.65246
-7.52747 -6.52488
-7.52747 -6.52488
-8 -7
1.7763 -2.03157
1.02422 -2.57171
1.02422 -2.57171
0.486484 -2.76281
0.486484 -2.76281
-0.929672 -2.73865
-0.929672 -2.73865
-2.03559 -3.43114
-2.03559 -3.43114
-3.27228 -3.85878
-3.27228 -3.85878
-3.93629 -4.26354
-3.93629 -4.26354
-4.79119 -4.74365
-4.79119 -4.74365
-5.45948 -5.04738
-5.45948 -5.04738
-6.35987 -5.65246
-6.35987 -5.65246
-7.52747 -6.52488
-7.52747 -6.52488
-8 -7
-1.21277 5.08575
-0.321497 4.04032
-0.321497 4.04032
-0.85617 2.92701
-0.85617 2.92701
-2.09654 2.14803
-2.09654 2.14803
-2.96387 0.976349
-2.96387 0.976349
-3.68435 -0.0408676
-3.68435 -0.0408676
-4.34904 -1.17804
-4.34904 -1.17804
-5.25265 -2.2283
-5.25265 -2.2283
-5.52811 -3.48101
-5.52811 -3.48101
-5.84931 -4.51295
-5.84931 -4.51295
-6.35987 -5.65246
-6.35987 -5.65246
-7.52747 -6.52488
-7.52747 -6.52488
-8 -7
-4.36672 8.63023
-4.32986 7.31229
-4.32986 7.31229
-4.7682 7.42268
-4.7682 7.42268
-5.2737 6.40808
-5.2737 6.40808
-5.90956 5.71057
-5.90956 5.71057
-6.39623 4.56494
-6.39623 4.56494
-6.97395 3.20436
-6.97395 3.20436
-6.85178 1.73996
-6.85178 1.73996
-7.49605 0.486045
-7.49605 0.486045
-7.3664 -0.772081
-7.3664 -0.772081
-7.59012 -2.08551
-7.59012 -2.08551
-7.34087 -3.40357
-7.34087 -3.40357
-7.48212 -4.47295
-7.48212 -4.47295
-7.72409 -5.88095
-7.72409 -5.88095
-8 -7
-0.782813 9.38921
-0.442775 7.99534
-0.442775 7.99534
-0.67136 6.62783
-0.67136 6.62783
-0.821519 5.17057
-0.821519 5.17057
-0.863408 3.92725
-0.863408 3.92725
-1.04181 2.86281
-1.04181 2.86281
-2.3162 2.22051
-2.3162 2.22051
-2.96387 0.976349
-2.96387 0.976349
-3.68435 -0.0408676
-3.68435 -0.0408676
-4.34904 -1.17804
-4.34904 -1.17804
-5.25265 -2.2283
-5.25265 -2.2283
-5.52811 -3.48101
-5.52811 -3.48101
-5.84931 -4.51295
-5.84931 -4.51295
-6.35987 -5.65246
-6.35987 -5.65246
-7.52747 -6.52488
-7.52747 -6.52488
-8 -7
2.03418 4.88657
1.00781 3.85863
1.00781 3.85863
0.236898 3.45208
0.236898 3.45208
-0.85617 2.92701
-0.85617 2.92701
-2.09654 2.14803
-2.09654 2.14803
-2.96387 0.976349
-2.96387 0.976349
-3.68435 -0.0408676
-3.68435 -0.0408676
-4.34904 -1.17804
-4.34904 -1.17804
-5.25265 -2.2283
-5.25265 -2.2283
-5.52811 -3.48101
-5.52811 -3.48101
-5.84931 -4.51295
-5.84931 -4.51295
-6.35987 -5.65246
-6.35987 -5.65246
-7.52747 -6.52488
-7.52747 -6.52488
-8 -7
-1.51211 3.41327
-2.09654 2.14803
-2.09654 2.14803
-2.96387 0.976349
-2.96387 0.976349
-3.68435 -0.0408676
-3.68435 -0.0408676
-4.34904 -1.17804
-4.34904 -1.17804
-5.25265 -2.2283
-5.25265 -2.2283
-5.52811 -3.48101
-5.52811 -3.48101
-5.84931 -4.51295
-5.84931 -4.51295
-6.35987 -5.65246
-6.35987 -5.65246
-7.52747 -6.52488
-7.52747 -6.52488
-8 -7
-1.2449 2.79936
-1.91351 1.86607
-1.91351 1.86607
-2.96387 0.976349
-2.96387 0.976349
-3.68435 -0.0408676
-3.68435 -0.0408676
-4.34904 -1.17804
-4.34904 -1.17804
-5.25265 -2.2283
-5.25265 -2.2283
-5.52811 -3.48101
-5.52811 -3.48101
-5.84931 -4.51295
-5.84931 -4.51295
-6.35987 -5.65246
-6.35987 -5.65246
-7.52747 -6.52488
-7.52747 -6.52488
-8 -7
-1.20211 7.4877
-0.67136 6.62783
-0.67136 6.62783
-0.821519 5.17057
-0.821519 5.17057
-0.863408 3.92725
-0.863408 3.92725
-1.04181 2.86281
-1.04181 2.86281
-2.3162 2.22051
-2.3162 2.22051
-2.96387 0.976349
-2.96387 0.976349
-3.68435 -0.0408676
-3.68435 -0.0408676
-4.34904 -1.17804
-4.34904 -1.17804
-5.25265 -2.2283
-5.25265 -2.2283
-5.52811 -3.48101
-5.52811 -3.48101
-5.84931 -4.51295
-5.84931 -4.51295
-6.35987 -5.65246
-6.35987 -5.65246
-7.52747 -6.52488
-7.52747 -6.52488
-8 -7
1.07646 6.0569
0.599243 4.85133
0.599243 4.85133
-0.321497 4.04032
-0.321497 4.04032
-0.85617 2.92701
-0.85617 2.92701
-2.09654 2.14803
-2.09654 2.14803
-2.96387 0.976349
-2.96387 0.976349
-3.68435 -0.0408676
-3.68435 -0.0408676
-4.34904 -1.17804
-4.34904 -1.17804
-5.25265 -2.2283
-5.25265 -2.2283
-5.52811 -3.48101
-5.52811 -3.48101
-5.84931 -4.51295
-5.84931 -4.51295
-6.35987 -5.65246
-6.35987 -5.65246
-7.52747 -6.52488
-7.52747 -6.52488
-8 -7
-2.14752 8.51238
-2.99365 7.27402
-2.99365 7.27402
-4.1544 6.46196
-4.1544 6.46196
-5.55771 5.9949
-5.55771 5.9949
-5.90956 5.71057
-5.90956 5.71057
-6.39623 4.56494
-6.39623 4.56494
-6.97395 3.20436
-6.97395 3.20436
-6.85178 1.73996
-6.85178 1.73996
-7.49605 0.486045
-7.49605 0.486045
-7.3664 -0.772081
-7.3664 -0.772081
-7.59012 -2.08551
-7.59012 -2.08551
-7.34087 -3.40357
-7.34087 -3.40357
-7.48212 -4.47295
-7.48212 -4.47295
-7.72409 -5.88095
-7.72409 -5.88095
-8 -7
-3.94165 8.37157
-4.32986 7.31229
-4.32986 7.31229
-4.7682 7.42268
-4.7682 7.42268
-5.2737 6.40808
-5.2737 6.40808
-5.90956 5.71057
-5.90956 5.71057
-6.39623 4.56494
-6.39623 4.56494
-6.97395 3.20436
-6.97395 3.20436
-6.85178 1.73996
-6.85178 1.73996
-7.49605 0.486045
-7.49605 0.486045
-7.3664 -0.772081
-7.3664 -0.772081
-7.59012 -2.08551
-7.59012 -2.08551
-7.34087 -3.40357
-7.34087 -3.40357
-7.48212 -4.47295
-7.48212 -4.47295
-7.72409 -5.88095
-7.72409 -5.88095
-8 -7
1.50916 2.80986
0.192087 3.16194
0.192087 3.16194
-0.775914 2.58299
-0.775914 2.58299
-1.91351 1.86607
-1.91351 1.86607
-2.96387 0.976349
-2.96387 0.976349
-3.68435 -0.0408676
-3.68435 -0.0408676
-4.34904 -1.17804
-4.34904 -1.17804
-5.25265 -2.2283
-5.25265 -2.2283
-5.52811 -3.48101
-5.52811 -3.48101
-5.84931 -4.51295
-5.84931 -4.51295
-6.35987 -5.65246
-6.35987 -5.65246
-7.52747 -6.52488
-7.52747 -6.52488
-8 -7
-1.16185 6.47908
-0.392853 5.29547
-0.392853 5.29547
-0.321497 4.04032
-0.321497 4.04032
-0.85617 2.92701
-0.85617 2.92701
-2.09654 2.14803
-2.09654 2.14803
-2.96387 0.976349
-2.96387 0.976349
-3.68435 -0.0408676
-3.68435 -0.0408676
-4.34904 -1.17804
-4.34904 -1.17804
-5.25265 -2.2283
-5.25265 -2.2283
-5.52811 -3.48101
-5.52811 -3.48101
-5.84931 -4.51295
-5.84931 -4.51295
-6.35987 -5.65246
-6.35987 -5.65246
-7.52747 -6.52488
-7.52747 -6.52488
-8 -7
-4.44688 7.21179
-4.66969 6.92864
-4.66969 6.92864
-5.50746 5.80936
-5.50746 5.80936
-5.90956 5.71057
-5.90956 5.71057
-6.39623 4.56494
-6.39623 4.56494
-6.97395 3.20436
-6.97395 3.20436
-6.85178 1.73996
-6.85178 1.73996
-7.49605 0.486045
-7.49605 0.486045
-7.3664 -0.772081
-7.3664 -0.772081
-7.59012 -2.08551
-7.59012 -2.08551
-7.34087 -3.40357
-7.34087 -3.40357
-7.48212 -4.47295
-7.48212 -4.47295
-7.72409 -5.88095
-7.72409 -5.88095
-8 -7
0.771177 8.81926
0.380167 7.4814
0.380167 7.4814
-0.450645 6.51211
-0.450645 6.51211
-0.56256 5.19369
-0.56256 5.19369
-0.321497 4.04032
-0.321497 4.04032
-0.85617 2.92701
-0.85617 2.92701
-2.09654 2.14803
-2.09654 2.14803
-2.96387 0.976349
-2.96387 0.976349
-3.68435 -0.0408676
-3.68435 -0.0408676
-4.34904 -1.17804
-4.34904 -1.17804
-5.25265 -2.2283
-5.25265 -2.2283
-5.52811 -3.48101
-5.52811 -3.48101
-5.84931 -4.51295
-5.84931 -4.51295
-6.35987 -5.65246
-6.35987 -5.65246
-7.52747 -6.52488
-7.52747 -6.52488
-8 -7
2.48008 4.77206
1.46659 3.80299
1.46659 3.80299
0.192087 3.16194
0.192087 3.16194
-0.775914 2.58299
-0.775914 2.58299
-1.91351 1.86607
-1.91351 1.86607
-2.96387 0.976349
-2.96387 0.976349
-3.68435 -0.0408676
-3.68435 -0.0408676
-4.34904 -1.17804
-4.34904 -1.17804
-5.25265 -2.2283
-5.25265 -2.2283
-5.52811 -3.48101
-5.52811 -3.48101
-5.84931 -4.51295
-5.84931 -4.51295
-6.35987 -5.65246
-6.35987 -5.65246
-7.52747 -6.52488
-7.52747 -6.52488
-8 -7
0.159358 2.99934
-0.758243 2.5512
-0.758243 2.5512
-1.91351 1.86607
-1.91351 1.86607
-2.96387 0.976349
-2.96387 0.976349
-3.68435 -0.0408676
-3.68435 -0.0408676
-4.34904 -1.17804
-4.34904 -1.17804
-5.25265 -2.2283
-5.25265 -2.2283
-5.52811 -3.48101
-5.52811 -3.48101
-5.84931 -4.51295
-5.84931 -4.51295
-6.35987 -5.65246
-6.35987 -5.65246
-7.52747 -6.52488
-7.52747 -6.52488
-8 -7
1.45757 3.43795
0.192087 3.16194
0.192087 3.16194
-0.775914 2.58299
-0.775914 2.58299
-1.91351 1.86607
-1.91351 1.86607
-2.96387 0.976349
-2.96387 0.976349
-3.68435 -0.0408676
-3.68435 -0.0408676
-4.34904 -1.17804
-4.34904 -1.17804
-5.25265 -2.2283
-5.25265 -2.2283
-5.52811 -3.48101
-5.52811 -3.48101
-5.84931 -4.51295
-5.84931 -4.51295
-6.35987 -5.65246
-6.35987 -5.65246
-7.52747 -6.52488
-7.52747 -6.52488
-8 -7
-3.11521 7.05047
-4.1544 6.46196
-4.1544 6.46196
-5.55771 5.9949
-5.55771 5.9949
-5.90956 5.71057
-5.90956 5.71057
-6.39623 4.56494
-6.39623 4.56494
-6.97395 3.20436
-6.97395 3.20436
-6.85178 1.73996
-6.85178 1.73996
-7.49605 0.486045
-7.49605 0.486045
-7.3664 -0.772081
-7.3664 -0.772081
-7.59012 -2.08551
-7.59012 -2.08551
-7.34087 -3.40357
-7.34087 -3.40357
-7.48212 -4.47295
-7.48212 -4.47295
-7.72409 -5.88095
-7.72409 -5.88095
-8 -7
2.9796 4.85801
2.19255 4.20747
2.19255 4.20747
1.46659 3.80299
1.46659 3.80299
0.192087 3.16194
0.192087 3.16194
-0.775914 2.58299
-0.775914 2.58299
-1.91351 1.86607
-1.91351 1.86607
-2.96387 0.976349
-2.96387 0.976349
-3.68435 -0.0408676
-3.68435 -0.0408676
-4.34904 -1.17804
-4.34904 -1.17804
-5.25265 -2.2283
-5.25265 -2.2283
-5.52811 -3.48101
-5.52811 -3.48101
-5.84931 -4.51295
-5.84931 -4.51295
-6.35987 -5.65246
-6.35987 -5.65246
-7.52747 -6.52488
-7.52747 -6.52488
-8 -7
0.767116 7.64384
-0.0726305 6.66473
-0.0726305 6.66473
-0.392853 5.29547
-0.392853 5.29547
-0.321497 4.04032
-0.321497 4.04032
-0.85617 2.92701
-0.85617 2.92701
-2.09654 2.14803
-2.09654 2.14803
-2.96387 0.976349
-2.96387 0.976349
-3.68435 -0.0408676
-3.68435 -0.0408676
-4.34904 -1.17804
-4.34904 -1.17804
-5.25265 -2.2283
-5.25265 -2.2283
-5.52811 -3.48101
-5.52811 -3.48101
-5.84931 -4.51295
-5.84931 -4.51295
-6.35987 -5.65246
-6.35987 -5.65246
-7.52747 -6.52488
-7.52747 -6.52488
-8 -7
8.23214 1.42732
7.14955 0.67881
7.14955 0.67881
6.02352 -0.253365
6.02352 -0.253365
4.82343 -0.376425
4.82343 -0.376425
3.6569 -0.658516
3.6569 -0.658516
2.39808 -1.36531
2.39808 -1.36531
1.59872 -2.41733
1.59872 -2.41733
0.486484 -2.76281
0.486484 -2.76281
-0.929672 -2.73865
-0.929672 -2.73865
-2.03559 -3.43114
-2.03559 -3.43114
-3.27228 -3.85878
-3.27228 -3.85878
-3.93629 -4.26354
-3.93629 -4.26354
-4.79119 -4.74365
-4.79119 -4.74365
-5.45948 -5.04738
-5.45948 -5.04738
-6.35987 -5.65246
-6.35987 -5.65246
-7.52747 -6.52488
-7.52747 -6.52488
-8 -7
3.6337 2.14097
3.73846 1.29499
3.73846 1.29499
3.25412 0.371159
3.25412 0.371159
2.55303 -0.885988
2.55303 -0.885988
1.99598 -1.90775
1.99598 -1.90775
1.02422 -2.57171
1.02422 -2.57171
0.486484 -2.76281
0.486484 -2.76281
-0.929672 -2.73865
-0.929672 -2.73865
-2.03559 -3.43114
-2.03559 -3.43114
-3.27228 -3.85878
-3.27228 -3.85878
-3.93629 -4.26354
-3.93629 -4.26354
-4.79119 -4.74365
-4.79119 -4.74365
-5.45948 -5.04738
-5.45948 -5.04738
-6.35987 -5.65246
-6.35987 -5.65246
-7.52747 -6.52488
-7.52747 -6.52488
-8 -7
4.6734 1.36651
4.09951 0.868391
4.09951 0.868391
3.36236 0.131623
3.36236 0.131623
2.7762 -0.827006
2.7762 -0.827006
1.99598 -1.90775
1.99598 -1.90775
1.02422 -2.57171
1.02422 -2.57171
0.486484 -2.76281
0.486484 -2.76281
-0.929672 -2.73865
-0.929672 -2.73865
-2.03559 -3.43114
-2.03559 -3.43114
-3.27228 -3.85878
-3.27228 -3.85878
-3.93629 -4.26354
-3.93629 -4.26354
-4.79119 -4.74365
-4.79119 -4.74365
-5.45948 -5.04738
-5.45948 -5.04738
-6.35987 -5.65246
-6.35987 -5.65246
-7.52747 -6.52488
-7.52747 -6.52488
-8 -7
5.12237 3.90587
4.64117 3.033
4.64117 3.033
4.01267 1.91456
4.01267 1.91456
3.73846 1.29499
3.73846 1.29499
3.25412 0.371159
3.25412 0.371159
2.55303 -0.885988
2.55303 -0.885988
1.99598 -1.90775
1.99598 -1.90775
1.02422 -2.57171
1.02422 -2.57171
0.486484 -2.76281
0.486484 -2.76281
-0.929672 -2.73865
-0.929672 -2.73865
-2.03559 -3.43114
-2.03559 -3.43114
-3.27228 -3.85878
-3.27228 -3.85878
-3.93629 -4.26354
-3.93629 -4.26354
-4.79119 -4.74365
-4.79119 -4.74365
-5.45948 -5.04738
-5.45948 -5.04738
-6.35987 -5.65246
-6.35987 -5.65246
-7.52747 -6.52488
-7.52747 -6.52488
-8 -7
8.50678 0.193374
7.29001 0.12516
7.29001 0.12516
6.02352 -0.253365
6.02352 -0.253365
4.82343 -0.376425
4.82343 -0.376425
3.6569 -0.658516
3.6569 -0.658516
2.39808 -1.36531
2.39808 -1.36531
1.59872 -2.41733
1.59872 -2.41733
0.486484 -2.76281
0.486484 -2.76281
-0.929672 -2.73865
-0.929672 -2.73865
-2.03559 -3.43114
-2.03559 -3.43114
-3.27228 -3.85878
-3.27228 -3.85878
-3.93629 -4.26354
-3.93629 -4.26354
-4.79119 -4.74365
-4.79119 -4.74365
-5.45948 -5.04738
-5.45948 -5.04738
-6.35987 -5.65246
-6.35987 -5.65246
-7.52747 -6.52488
-7.52747 -6.52488
-8 -7
8.72313 4.19257
7.79385 3.10767
7.79385 3.10767
6.75604 2.43109
6.75604 2.43109
6.38649 1.49135
6.38649 1.49135
5.26532 1.29638
5.26532 1.29638
4.45067 0.664289
4.45067 0.664289
3.3772 -0.187102
3.3772 -0.187102
2.78065 -0.92613
2.78065 -0.92613
2.39808 -1.36531
2.39808 -1.36531
1.59872 -2.41733
1.59872 -2.41733
0.486484 -2.76281
0.486484 -2.76281
-0.929672 -2.73865
-0.929672 -2.73865
-2.03559 -3.43114
-2.03559 -3.43114
-3.27228 -3.85878
-3.27228 -3.85878
-3.93629 -4.26354
-3.93629 -4.26354
-4.79119 -4.74365
-4.79119 -4.74365
-5.45948 -5.04738
-5.45948 -5.04738
-6.35987 -5.65246
-6.35987 -5.65246
-7.52747 -6.52488
-7.52747 -6.52488
-8 -7
6.86929 4.63905
6.24455 4.29439
6.24455 4.29439
5.76394 3.98588
5.76394 3.98588
5.39 3.08237
5.39 3.08237
4.5247 2.10249
4.5247 2.10249
3.72485 0.879947
3.72485 0.879947
3.36236 0.131623
3.36236 0.131623
2.7762 -0.827006
2.7762 -0.827006
1.99598 -1.90775
1.99598 -1.90775
1.02422 -2.57171
1.02422 -2.57171
0.486484 -2.76281
0.486484 -2.76281
-0.929672 -2.73865
-0.929672 -2.73865
-2.03559 -3.43114
-2.03559 -3.43114
-3.27228 -3.85878
-3.27228 -3.85878
-3.93629 -4.26354
-3.93629 -4.26354
-4.79119 -4.74365
-4.79119 -4.74365
-5.45948 -5.04738
-5.45948 -5.04738
-6.35987 -5.65246
-6.35987 -5.65246
-7.52747 -6.52488
-7.52747 -6.52488
-8 -7
8.48438 -0.547138
7.26966 -0.673618
7.26966 -0.673618
6.02352 -0.253365
6.02352 -0.253365
4.82343 -0.376425
4.82343 -0.376425
3.6569 -0.658516
3.6569 -0.658516
2.39808 -1.36531
2.39808 -1.36531
1.59872 -2.41733
1.59872 -2.41733
0.486484 -2.76281
0.486484 -2.76281
-0.929672 -2.73865
-0.929672 -2.73865
-2.03559 -3.43114
-2.03559 -3.43114
-3.27228 -3.85878
-3.27228 -3.85878
-3.93629 -4.26354
-3.93629 -4.26354
-4.79119 -4.74365
-4.79119 -4.74365
-5.45948 -5.04738
-5.45948 -5.04738
-6.35987 -5.65246
-6.35987 -5.65246
-7.52747 -6.52488
-7.52747 -6.52488
-8 -7
9.09937 3.20817
8.21007 2.79444
8.21007 2.79444
7.40916 1.89024
7.40916 1.89024
6.38649 1.49135
6.38649 1.49135
5.26532 1.29638
5.26532 1.29638
4.45067 0.664289
4.45067 0.664289
3.3772 -0.187102
3.3772 -0.187102
2.78065 -0.92613
2.78065 -0.92613
2.39808 -1.36531
2.39808 -1.36531
1.59872 -2.41733
1.59872 -2.41733
0.486484 -2.76281
0.486484 -2.76281
-0.929672 -2.73865
-0.929672 -2.73865
-2.03559 -3.43114
-2.03559 -3.43114
-3.27228 -3.85878
-3.27228 -3.85878
-3.93629 -4.26354
-3.93629 -4.26354
-4.79119 -4.74365
-4.79119 -4.74365
-5.45948 -5.04738
-5.45948 -5.04738
-6.35987 -5.65246
-6.35987 -5.65246
-7.52747 -6.52488
-7.52747 -6.52488
-8 -7
8.41526 2.17759
7.40916 1.89024
7.40916 1.89024
6.38649 1.49135
6.38649 1.49135
5.26532 1.29638
5.26532 1.29638
4.45067 0.664289
4.45067 0.664289
3.3772 -0.187102
3.3772 -0.187102
2.78065 -0.92613
2.78065 -0.92613
2.39808 -1.36531
2.39808 -1.36531
1.59872 -2.41733
1.59872 -2.41733
0.486484 -2.76281
0.486484 -2.76281
-0.929672 -2.73865
-0.929672 -2.73865
-2.03559 -3.43114
-2.03559 -3.43114
-3.27228 -3.85878
-3.27228 -3.85878
-3.93629 -4.26354
-3.93629 -4.26354
-4.79119 -4.74365
-4.79119 -4.74365
-5.45948 -5.04738
-5.45948 -5.04738
-6.35987 -5.65246
-6.35987 -5.65246
-7.52747 -6.52488
-7.52747 -6.52488
-8 -7
5.19959 0.663148
4.82343 -0.376425
4.82343 -0.376425
3.6569 -0.658516
3.6569 -0.658516
2.39808 -1.36531
2.39808 -1.36531
1.59872 -2.41733
1.59872 -2.41733
0.486484 -2.76281
0.486484 -2.76281
-0.929672 -2.73865
-0.929672 -2.73865
-2.03559 -3.43114
-2.03559 -3.43114
-3.27228 -3.85878
-3.27228 -3.85878
-3.93629 -4.26354
-3.93629 -4.26354
-4.79119 -4.74365
-4.79119 -4.74365
-5.45948 -5.04738
-5.45948 -5.04738
-6.35987 -5.65246
-6.35987 -5.65246
-7.52747 -6.52488
-7.52747 -6.52488
-8 -7
6.72179 2.4181
6.38649 1.49135
6.38649 1.49135
5.26532 1.29638
5.26532 1.29638
4.45067 0.664289
4.45067 0.664289
3.3772 -0.187102
3.3772 -0.187102
2.78065 -0.92613
2.78065 -0.92613
2.39808 -1.36531
2.39808 -1.36531
1.59872 -2.41733
1.59872 -2.41733
0.486484 -2.76281
0.486484 -2.76281
-0.929672 -2.73865
-0.929672 -2.73865
-2.03559 -3.43114
-2.03559 -3.43114
-3.27228 -3.85878
-3.27228 -3.85878
-3.93629 -4.26354
-3.93629 -4.26354
-4.79119 -4.74365
-4.79119 -4.74365
-5.45948 -5.04738
-5.45948 -5.04738
-6.35987 -5.65246
-6.35987 -5.65246
-7.52747 -6.52488
-7.52747 -6.52488
-8 -7
6.47967 -1.29922
5.14782 -1.76988
5.14782 -1.76988
4.21017 -0.711783
4.21017 -0.711783
2.78065 -0.92613
2.78065 -0.92613
2.39808 -1.36531
2.39808 -1.36531
1.59872 -2.41733
1.59872 -2.41733
0.486484 -2.76281
0.486484 -2.76281
-0.929672 -2.73865
-0.929672 -2.73865
-2.03559 -3.43114
-2.03559 -3.43114
-3.27228 -3.85878
-3.27228 -3.85878
-3.93629 -4.26354
-3.93629 -4.26354
-4.79119 -4.74365
-4.79119 -4.74365
-5.45948 -5.04738
-5.45948 -5.04738
-6.35987 -5.65246
-6.35987 -5.65246
-7.52747 -6.52488
-7.52747 -6.52488
-8 -7
6.02929 -0.237625
4.82343 -0.376425
4.82343 -0.376425
3.6569 -0.658516
3.6569 -0.658516
2.39808 -1.36531
2.39808 -1.36531
1.59872 -2.41733
1.59872 -2.41733
0.486484 -2.76281
0.486484 -2.76281
-0.929672 -2.73865
-0.929672 -2.73865
-2.03559 -3.43114
-2.03559 -3.43114
-3.27228 -3.85878
-3.27228 -3.85878
-3.93629 -4.26354
-3.93629 -4.26354
-4.79119 -4.74365
-4.79119 -4.74365
-5.45948 -5.04738
-5.45948 -5.04738
-6.35987 -5.65246
-6.35987 -5.65246
-7.52747 -6.52488
-7.52747 -6.52488
-8 -7
4.57021 2.57628
3.87824 1.35079
3.87824 1.35079
3.2031 0.173771
3.2031 0.173771
2.79008 -0.547573
2.79008 -0.547573
2.00506 -1.81109
2.00506 -1.81109
1.02422 -2.57171
1.02422 -2.57171
0.486484 -2.76281
0.486484 -2.76281
-0.929672 -2.73865
-0.929672 -2.73865
-2.03559 -3.43114
-2.03559 -3.43114
-3.27228 -3.85878
-3.27228 -3.85878
-3.93629 -4.26354
-3.93629 -4.26354
-4.79119 -4.74365
-4.79119 -4.74365
-5.45948 -5.04738
-5.45948 -5.04738
-6.35987 -5.65246
-6.35987 -5.65246
-7.52747 -6.52488
-7.52747 -6.52488
-8 -7
8.38697 -1.8143
8.13779 -1.93258
8.13779 -1.93258
6.93543 -1.16611
6.93543 -1.16611
6.0852 -0.382469
6.0852 -0.382469
4.82343 -0.376425
4.82343 -0.376425
3.6569 -0.658516
3.6569 -0.658516
2.39808 -1.36531
2.39808 -1.36531
1.59872 -2.41733
1.59872 -2.41733
0.486484 -2.76281
0.486484 -2.76281
-0.929672 -2.73865
-0.929672 -2.73865
-2.03559 -3.43114
-2.03559 -3.43114
-3.27228 -3.85878
-3.27228 -3.85878
-3.93629 -4.26354
-3.93629 -4.26354
-4.79119 -4.74365
-4.79119 -4.74365
-5.45948 -5.04738
-5.45948 -5.04738
-6.35987 -5.65246
-6.35987 -5.65246
-7.52747 -6.52488
-7.52747 -6.52488
-8 -7
7.00005 1.88652
6.38649 1.49135
6.38649 1.49135
5.26532 1.29638
5.26532 1.29638
4.45067 0.664289
4.45067 0.664289
3.3772 -0.187102
3.3772 -0.187102
2.78065 -0.92613
2.78065 -0.92613
2.39808 -1.36531
2.39808 -1.36531
1.59872 -2.41733
1.59872 -2.41733
0.486484 -2.76281
0.486484 -2.76281
-0.929672 -2.73865
-0.929672 -2.73865
-2.03559 -3.43114
-2.03559 -3.43114
-3.27228 -3.85878
-3.27228 -3.85878
-3.93629 -4.26354
-3.93629 -4.26354
-4.79119 -4.74365
-4.79119 -4.74365
-5.45948 -5.04738
-5.45948 -5.04738
-6.35987 -5.65246
-6.35987 -5.65246
-7.52747 -6.52488
-7.52747 -6.52488
-8 -7
6.03253 3.75346
5.39 3.08237
5.39 3.08237
4.5247 2.10249
4.5247 2.10249
3.72485 0.879947
3.72485 0.879947
3.36236 0.131623
3.36236 0.131623
2.7762 -0.827006
2.7762 -0.827006
1.99598 -1.90775
1.99598 -1.90775
1.02422 -2.57171
1.02422 -2.57171
0.486484 -2.76281
0.486484 -2.76281
-0.929672 -2.73865
-0.929672 -2.73865
-2.03559 -3.43114
-2.03559 -3.43114
-3.27228 -3.85878
-3.27228 -3.85878
-3.93629 -4.26354
-3.93629 -4.26354
-4.79119 -4.74365
-4.79119 -4.74365
-5.45948 -5.04738
-5.45948 -5.04738
-6.35987 -5.65246
-6.35987 -5.65246
-7.52747 -6.52488
-7.52747 -6.52488
-8 -7
7.77652 -2.21302
6.52434 -2.29431
6.52434 -2.29431
5.14782 -1.76988
5.14782 -1.76988
4.21017 -0.711783
4.21017 -0.711783
2.78065 -0.92613
2.78065 -0.92613
2.39808 -1.36531
2.39808 -1.36531
1.59872 -2.41733
1.59872 -2.41733
0.486484 -2.76281
0.486484 -2.76281
-0.929672 -2.73865
-0.929672 -2.73865
-2.03559 -3.43114
-2.03559 -3.43114
-3.27228 -3.85878
-3.27228 -3.85878
-3.93629 -4.26354
-3.93629 -4.26354
-4.79119 -4.74365
-4.79119 -4.74365
-5.45948 -5.04738
-5.45948 -5.04738
-6.35987 -5.65246
-6.35987 -5.65246
-7.52747 -6.52488
-7.52747 -6.52488
-8 -7
-4.42445 -1.43476
-5.25404 -2.29837
-5.25404 -2.29837
-5.52811 -3.48101
-5.52811 -3.48101
-5.84931 -4.51295
-5.84931 -4.51295
-6.35987 -5.65246
-6.35987 -5.65246
-7.52747 -6.52488
-7.52747 -6.52488
-8 -7
-3.70076 -2.8329
-4.41822 -3.62358
-4.41822 -3.62358
-5.26252 -4.41861
-5.26252 -4.41861
-6.33436 -5.43153
-6.33436 -5.43153
-6.97358 -6.04322
-6.97358 -6.04322
-8 -7
-3.60747 -2.99243
-4.41822 -3.62358
-4.41822 -3.62358
-5.26252 -4.41861
-5.26252 -4.41861
-6.33436 -5.43153
-6.33436 -5.43153
-6.97358 -6.04322
-6.97358 -6.04322
-8 -7
-8.93937 -2.15487
-8.05555 -2.08737
-8.05555 -2.08737
-8.25345 -3.32107
-8.25345 -3.32107
-7.48212 -4.47295
-7.48212 -4.47295
-7.72409 -5.88095
-7.72409 -5.88095
-8 -7
-7.07564 -1.87629
-6.64993 -3.20512
-6.64993 -3.20512
-7.05062 -4.51767
-7.05062 -4.51767
-7.54399 -5.88973
-7.54399 -5.88973
-8 -7
-3.72093 -0.686981
-4.34904 -1.17804
-4.34904 -1.17804
-5.25265 -2.2283
-5.25265 -2.2283
-5.52811 -3.48101
-5.52811 -3.48101
-5.84931 -4.51295
-5.84931 -4.51295
-6.35987 -5.65246
-6.35987 -5.65246
-7.52747 -6.52488
-7.52747 -6.52488
-8 -7
-8.49168 2.39191
-7.69127 1.39778
-7.69127 1.39778
-7.49605 0.486045
-7.49605 0.486045
-7.3664 -0.772081
-7.3664 -0.772081
-7.59012 -2.08551
-7.59012 -2.08551
-7.34087 -3.40357
-7.34087 -3.40357
-7.48212 -4.47295
-7.48212 -4.47295
-7.72409 -5.88095
-7.72409 -5.88095
-8 -7
-8.84283 0.546769
-7.73168 0.181324
-7.73168 0.181324
-7.3664 -0.772081
-7.3664 -0.772081
-7.59012 -2.08551
-7.59012 -2.08551
-7.34087 -3.40357
-7.34087 -3.40357
-7.48212 -4.47295
-7.48212 -4.47295
-7.72409 -5.88095
-7.72409 -5.88095
-8 -7
-8.85214 0.218356
-7.63911 0.222889
-7.63911 0.222889
-7.3664 -0.772081
-7.3664 -0.772081
-7.59012 -2.08551
-7.59012 -2.08551
-7.34087 -3.40357
-7.34087 -3.40357
-7.48212 -4.47295
-7.48212 -4.47295
-7.72409 -5.88095
-7.72409 -5.88095
-8 -7
-3.21726 0.754591
-3.68435 -0.0408676
-3.68435 -0.0408676
-4.34904 -1.17804
-4.34904 -1.17804
-5.25265 -2.2283
-5.25265 -2.2283
-5.52811 -3.48101
-5.52811 -3.48101
-5.84931 -4.51295
-5.84931 -4.51295
-6.35987 -5.65246
-6.35987 -5.65246
-7.52747 -6.52488
-7.52747 -6.52488
-8 -7
-8.2851 -1.10281
-8.05555 -2.08737
-8.05555 -2.08737
-8.25345 -3.32107
-8.25345 -3.32107
-7.48212 -4.47295
-7.48212 -4.47295
-7.72409 -5.88095
-7.72409 -5.88095
-8 -7
-5.82259 2.41206
-5.57154 1.51191
-5.57154 1.51191
-6.44088 0.335515
-6.44088 0.335515
-7.20253 -0.805524
-7.20253 -0.805524
-7.59012 -2.08551
-7.59012 -2.08551
-7.34087 -3.40357
-7.34087 -3.40357
-7.48212 -4.47295
-7.48212 -4.47295
-7.72409 -5.88095
-7.72409 -5.88095
-8 -7
-6.8856 3.18377
-6.85178 1.73996
-6.85178 1.73996
-7.49605 0.486045
-7.49605 0.486045
-7.3664 -0.772081
-7.3664 -0.772081
-7.59012 -2.08551
-7.59012 -2.08551
-7.34087 -3.40357
-7.34087 -3.40357
-7.48212 -4.47295
-7.48212 -4.47295
-7.72409 -5.88095
-7.72409 -5.88095
-8 -7
-5.52858 1.23535
-6.34004 0.346404
-6.34004 0.346404
-7.20253 -0.805524
-7.20253 -0.805524
-7.59012 -2.08551
-7.59012 -2.08551
-7.34087 -3.40357
-7.34087 -3.40357
-7.48212 -4.47295
-7.48212 -4.47295
-7.72409 -5.88095
-7.72409 -5.88095
-8 -7
-7.59021 1.44767
-7.41335 0.234473
-7.41335 0.234473
-7.20253 -0.805524
-7.20253 -0.805524
-7.59012 -2.08551
-7.59012 -2.08551
-7.34087 -3.40357
-7.34087 -3.40357
-7.48212 -4.47295
-7.48212 -4.47295
-7.72409 -5.88095
-7.72409 -5.88095
-8 -7
-4.59853 0.628514
-5.17281 -0.0649898
-5.17281 -0.0649898
-5.93419 -1.15794
-5.93419 -1.15794
-6.05094 -2.32752
-6.05094 -2.32752
-6.64993 -3.20512
-6.64993 -3.20512
-7.05062 -4.51767
-7.05062 -4.51767
-7.54399 -5.88973
-7.54399 -5.88973
-8 -7
-5.48649 -4.64324
-5.90518 -5.03008
-5.90518 -5.03008
-6.12738 -5.24581
-6.12738 -5.24581
-6.97358 -6.04322
-6.97358 -6.04322
-8 -7
-6.39721 -0.927118
-6.05094 -2.32752
-6.05094 -2.32752
-6.64993 -3.20512
-6.64993 -3.20512
-7.05062 -4.51767
-7.05062 -4.51767
-7.54399 -5.88973
-7.54399 -5.88973
-8 -7
-8.01431 -2.19901
-7.7992 -3.48336
-7.7992 -3.48336
-7.72663 -4.89466
-7.72663 -4.89466
-7.69712 -6.18939
-7.69712 -6.18939
-8 -7
-9.10488 -2.93239
-7.7992 -3.48336
-7.7992 -3.48336
-7.72663 -4.89466
-7.72663 -4.89466
-7.69712 -6.18939
-7.69712 -6.18939
-8 -7
