-8 -7 
-7.13779 -6.3207 
-6.70733 -5.11328 
-5.95933 -4.71747 
-5.94964 -4.00676 
-5.76375 -2.70908 
-5.28839 -1.34867 
-5.49773 -0.272386 
-5.80117 0.514902 
-5.97723 1.8314 
-6.76706 2.7439 
-7.46808 3.57744 
-6.94156 4.73523 
-6.37454 5.81298 
-5.42488 6.74854 
-4.15663 6.95192 
-2.77353 6.74561 
-2.18317 7.07492 
-1.42422 6.86271 
-0.924733 7.43982 
0.288819 7.41408 
1.48971 7.87237 
2.31536 8.50452 
3.42365 8.26692 
4.49798 8.21797 
5.1174 7.32093 
5.62948 6.96714 
6.72287 6.24336 
7.18353 6.77657 

7 7
