-8 -7
-8 -6.5
-8 -6
-8 -5.5
-8 -5
-8 -4.5
-8 -4
-8 -3.5
-8 -3
-8 -2.5
-8 -2
-8 -1.5
-8 -1
-8 -0.5
-8 0
-8 0
-7.60957 0.312348
-7.21913 0.624695
-6.8287 0.937043
-6.43826 1.24939
-6.04783 1.56174
-5.65739 1.87409
-5.26696 2.18643
-4.87652 2.49878
-4.48609 2.81113
-4.09566 3.12348
-3.70522 3.43582
-3.31479 3.74817
-2.92435 4.06052
-2.53392 4.37287
-2.14348 4.68521
-1.75305 4.99756
-1.36262 5.30991
-0.972181 5.62226
-0.581746 5.9346
-0.5 6
-0.00438605 6.06608
0.491228 6.13216
0.986842 6.19825
1.48246 6.26433
1.97807 6.33041
2.47368 6.39649
2.9693 6.46257
3.46491 6.52865
3.96053 6.59474
4.45614 6.66082
4.95175 6.7269
5.44737 6.79298
5.94298 6.85906
6.4386 6.92515
6.93421 6.99123
7 7
