-8 -7
-8.95421 -5.92265
-8.92154 -4.83858
-7.93465 -4.98399
-6.56599 -5.58895
-5.75167 -4.33878
-5.66696 -2.90484
-4.37738 -2.67185
-3.53721 -2.80938
-2.59991 -2.11443
-3.10124 -0.926186
-3.07989 0.279553
-2.94726 1.414
-4.10169 0.942842
-5.4026 1.45982
-6.40792 1.83518
-7.6787 2.21011
-7.43792 3.2925
-7.0277 4.3761
-7.30046 5.44642
-7.06491 6.55296
-5.85788 7.24841
-4.73579 8.07719
-3.42545 7.42745
-2.06069 6.96351
-0.774268 7.19428
0.682878 7.20113
1.58896 7.11211
3.02347 7.2751
3.5925 7.3182
4.63522 7.67834
5.93077 7.56552
6.49504 7.12503
