5.36771 -8.98214 4.70575 -8.07646
4.70575 -8.07646 3.41897 -7.59907
3.41897 -7.59907 2.09369 -7.30162
2.09369 -7.30162 0.982334 -8.13404
0.982334 -8.13404 0.1365 -8.86829
0.1365 -8.86829 -0.584626 -7.70606
-0.584626 -7.70606 -1.58004 -8.54462
-1.58004 -8.54462 -2.91969 -8.39798
-2.91969 -8.39798 -4.02547 -7.95246
-4.02547 -7.95246 -5.23727 -8.32611
-5.23727 -8.32611 -6.27037 -8.27263
-6.27037 -8.27263 -7.7602 -8.22098
-7.7602 -8.22098 -8 -7
4.65096 -9.02557 4.70575 -8.07646
4.70575 -8.07646 3.41897 -7.59907
3.41897 -7.59907 2.09369 -7.30162
2.09369 -7.30162 0.982334 -8.13404
0.982334 -8.13404 0.1365 -8.86829
0.1365 -8.86829 -0.584626 -7.70606
-0.584626 -7.70606 -1.58004 -8.54462
-1.58004 -8.54462 -2.91969 -8.39798
-2.91969 -8.39798 -4.02547 -7.95246
-4.02547 -7.95246 -5.23727 -8.32611
-5.23727 -8.32611 -6.27037 -8.27263
-6.27037 -8.27263 -7.7602 -8.22098
-7.7602 -8.22098 -8 -7
4.89001 -6.66458 4.70575 -8.07646
4.70575 -8.07646 3.41897 -7.59907
3.41897 -7.59907 2.09369 -7.30162
2.09369 -7.30162 0.982334 -8.13404
0.982334 -8.13404 0.1365 -8.86829
0.1365 -8.86829 -0.584626 -7.70606
-0.584626 -7.70606 -1.58004 -8.54462
-1.58004 -8.54462 -2.91969 -8.39798
-2.91969 -8.39798 -4.02547 -7.95246
-4.02547 -7.95246 -5.23727 -8.32611
-5.23727 -8.32611 -6.27037 -8.27263
-6.27037 -8.27263 -7.7602 -8.22098
-7.7602 -8.22098 -8 -7
-9.48434 -4.62507 -9.57851 -5.93499
-9.57851 -5.93499 -8.55428 -6.86322
-8.55428 -6.86322 -8 -7
-7.95452 -4.85803 -7.13626 -5.85527
-7.13626 -5.85527 -8 -7
-1.81895 6.60535 -1.69899 5.29996
-1.69899 5.29996 -1.20746 3.90058
-1.20746 3.90058 -1.29828 3.20458
-1.29828 3.20458 -1.99123 2.20113
-1.99123 2.20113 -2.82149 1.56758
-2.82149 1.56758 -3.01955 0.378322
-3.01955 0.378322 -3.14286 -0.340144
-3.14286 -0.340144 -2.79286 -1.06586
-2.79286 -1.06586 -3.69697 -2.15432
-3.69697 -2.15432 -2.47161 -2.70888
-2.47161 -2.70888 -1.66247 -2.58308
-1.66247 -2.58308 -2.17852 -3.95516
-2.17852 -3.95516 -3.39636 -3.67369
-3.39636 -3.67369 -3.13579 -5.0731
-3.13579 -5.0731 -2.17388 -6.18478
-2.17388 -6.18478 -2.1188 -7.457
-2.1188 -7.457 -2.91969 -8.39798
-2.91969 -8.39798 -4.02547 -7.95246
-4.02547 -7.95246 -5.23727 -8.32611
-5.23727 -8.32611 -6.27037 -8.27263
-6.27037 -8.27263 -7.7602 -8.22098
-7.7602 -8.22098 -8 -7
-1.09666 -9.59393 0.1365 -8.86829
0.1365 -8.86829 -0.584626 -7.70606
-0.584626 -7.70606 -1.58004 -8.54462
-1.58004 -8.54462 -2.91969 -8.39798
-2.91969 -8.39798 -4.02547 -7.95246
-4.02547 -7.95246 -5.23727 -8.32611
-5.23727 -8.32611 -6.27037 -8.27263
-6.27037 -8.27263 -7.7602 -8.22098
-7.7602 -8.22098 -8 -7
-3.79141 -5.31533 -3.13579 -5.0731
-3.13579 -5.0731 -2.17388 -6.18478
-2.17388 -6.18478 -2.1188 -7.457
-2.1188 -7.457 -2.91969 -8.39798
-2.91969 -8.39798 -4.02547 -7.95246
-4.02547 -7.95246 -5.23727 -8.32611
-5.23727 -8.32611 -6.27037 -8.27263
-6.27037 -8.27263 -7.7602 -8.22098
-7.7602 -8.22098 -8 -7
-3.33091 -7.18945 -4.02547 -7.95246
-4.02547 -7.95246 -5.23727 -8.32611
-5.23727 -8.32611 -6.27037 -8.27263
-6.27037 -8.27263 -7.7602 -8.22098
-7.7602 -8.22098 -8 -7
-3.20291 -6.19204 -2.80212 -6.60141
-2.80212 -6.60141 -2.80111 -7.12117
-2.80111 -7.12117 -4.02547 -7.95246
-4.02547 -7.95246 -5.23727 -8.32611
-5.23727 -8.32611 -6.27037 -8.27263
-6.27037 -8.27263 -7.7602 -8.22098
-7.7602 -8.22098 -8 -7
-0.424018 -8.91818 -1.58004 -8.54462
-1.58004 -8.54462 -2.91969 -8.39798
-2.91969 -8.39798 -4.02547 -7.95246
-4.02547 -7.95246 -5.23727 -8.32611
-5.23727 -8.32611 -6.27037 -8.27263
-6.27037 -8.27263 -7.7602 -8.22098
-7.7602 -8.22098 -8 -7
-5.01487 -5.9064 -5.54755 -7.0486
-5.54755 -7.0486 -6.8554 -6.89252
-6.8554 -6.89252 -7.51463 -5.76158
-7.51463 -5.76158 -8 -7
-1.814 -2.19714 -2.36149 -2.66261
-2.36149 -2.66261 -3.39636 -3.67369
-3.39636 -3.67369 -3.13579 -5.0731
-3.13579 -5.0731 -2.17388 -6.18478
-2.17388 -6.18478 -2.1188 -7.457
-2.1188 -7.457 -2.91969 -8.39798
-2.91969 -8.39798 -4.02547 -7.95246
-4.02547 -7.95246 -5.23727 -8.32611
-5.23727 -8.32611 -6.27037 -8.27263
-6.27037 -8.27263 -7.7602 -8.22098
-7.7602 -8.22098 -8 -7
-0.630983 -2.71769 -1.66247 -2.58308
-1.66247 -2.58308 -2.17852 -3.95516
-2.17852 -3.95516 -3.39636 -3.67369
-3.39636 -3.67369 -3.13579 -5.0731
-3.13579 -5.0731 -2.17388 -6.18478
-2.17388 -6.18478 -2.1188 -7.457
-2.1188 -7.457 -2.91969 -8.39798
-2.91969 -8.39798 -4.02547 -7.95246
-4.02547 -7.95246 -5.23727 -8.32611
-5.23727 -8.32611 -6.27037 -8.27263
-6.27037 -8.27263 -7.7602 -8.22098
-7.7602 -8.22098 -8 -7
-2.28195 -4.17306 -3.13579 -5.0731
-3.13579 -5.0731 -2.17388 -6.18478
-2.17388 -6.18478 -2.1188 -7.457
-2.1188 -7.457 -2.91969 -8.39798
-2.91969 -8.39798 -4.02547 -7.95246
-4.02547 -7.95246 -5.23727 -8.32611
-5.23727 -8.32611 -6.27037 -8.27263
-6.27037 -8.27263 -7.7602 -8.22098
-7.7602 -8.22098 -8 -7
-3.41956 -2.67067 -3.39636 -3.67369
-3.39636 -3.67369 -3.13579 -5.0731
-3.13579 -5.0731 -2.17388 -6.18478
-2.17388 -6.18478 -2.1188 -7.457
-2.1188 -7.457 -2.91969 -8.39798
-2.91969 -8.39798 -4.02547 -7.95246
-4.02547 -7.95246 -5.23727 -8.32611
-5.23727 -8.32611 -6.27037 -8.27263
-6.27037 -8.27263 -7.7602 -8.22098
-7.7602 -8.22098 -8 -7
1.1444 -6.69177 2.12938 -6.10124
2.12938 -6.10124 2.09369 -7.30162
2.09369 -7.30162 0.982334 -8.13404
0.982334 -8.13404 0.1365 -8.86829
0.1365 -8.86829 -0.584626 -7.70606
-0.584626 -7.70606 -1.58004 -8.54462
-1.58004 -8.54462 -2.91969 -8.39798
-2.91969 -8.39798 -4.02547 -7.95246
-4.02547 -7.95246 -5.23727 -8.32611
-5.23727 -8.32611 -6.27037 -8.27263
-6.27037 -8.27263 -7.7602 -8.22098
-7.7602 -8.22098 -8 -7
0.701037 -7.4574 -0.253393 -6.32611
-0.253393 -6.32611 -0.584626 -7.70606
-0.584626 -7.70606 -1.58004 -8.54462
-1.58004 -8.54462 -2.91969 -8.39798
-2.91969 -8.39798 -4.02547 -7.95246
-4.02547 -7.95246 -5.23727 -8.32611
-5.23727 -8.32611 -6.27037 -8.27263
-6.27037 -8.27263 -7.7602 -8.22098
-7.7602 -8.22098 -8 -7
0.903581 -5.5717 -0.253393 -6.32611
-0.253393 -6.32611 -0.584626 -7.70606
-0.584626 -7.70606 -1.58004 -8.54462
-1.58004 -8.54462 -2.91969 -8.39798
-2.91969 -8.39798 -4.02547 -7.95246
-4.02547 -7.95246 -5.23727 -8.32611
-5.23727 -8.32611 -6.27037 -8.27263
-6.27037 -8.27263 -7.7602 -8.22098
-7.7602 -8.22098 -8 -7
-7.07718 -8.47832 -7.74942 -7.89582
-7.74942 -7.89582 -8 -7
-6.42994 -5.92318 -7.51463 -5.76158
-7.51463 -5.76158 -8 -7
-7.08307 -6.5133 -8 -7
-4.56755 0.66288 -4.45935 0.73128
-4.45935 0.73128 -3.01955 0.378322
-3.01955 0.378322 -3.14286 -0.340144
-3.14286 -0.340144 -2.79286 -1.06586
-2.79286 -1.06586 -3.69697 -2.15432
-3.69697 -2.15432 -2.47161 -2.70888
-2.47161 -2.70888 -1.66247 -2.58308
-1.66247 -2.58308 -2.17852 -3.95516
-2.17852 -3.95516 -3.39636 -3.67369
-3.39636 -3.67369 -3.13579 -5.0731
-3.13579 -5.0731 -2.17388 -6.18478
-2.17388 -6.18478 -2.1188 -7.457
-2.1188 -7.457 -2.91969 -8.39798
-2.91969 -8.39798 -4.02547 -7.95246
-4.02547 -7.95246 -5.23727 -8.32611
-5.23727 -8.32611 -6.27037 -8.27263
-6.27037 -8.27263 -7.7602 -8.22098
-7.7602 -8.22098 -8 -7
-4.55628 0.220334 -4.45935 0.73128
-4.45935 0.73128 -3.01955 0.378322
-3.01955 0.378322 -3.14286 -0.340144
-3.14286 -0.340144 -2.79286 -1.06586
-2.79286 -1.06586 -3.69697 -2.15432
-3.69697 -2.15432 -2.47161 -2.70888
-2.47161 -2.70888 -1.66247 -2.58308
-1.66247 -2.58308 -2.17852 -3.95516
-2.17852 -3.95516 -3.39636 -3.67369
-3.39636 -3.67369 -3.13579 -5.0731
-3.13579 -5.0731 -2.17388 -6.18478
-2.17388 -6.18478 -2.1188 -7.457
-2.1188 -7.457 -2.91969 -8.39798
-2.91969 -8.39798 -4.02547 -7.95246
-4.02547 -7.95246 -5.23727 -8.32611
-5.23727 -8.32611 -6.27037 -8.27263
-6.27037 -8.27263 -7.7602 -8.22098
-7.7602 -8.22098 -8 -7
